3d6j_A	1	10	150	240	13
2wiu_B	1	10	260	40	10.4
2r10_A	1	20	920	10	146
2ipb_A	1	20	144	10	14
3sfx_B	1	50	10	20	57
3p0j_A	1	10	240	10	4.25
1snl_A	1	10	238	10	27
4l6r_A	1	20	120	10	33
1fpo_A	1	20	1280	20	8.78
3oou_A	1	10	10	60	16.83
3olj_A	1	10	620	20	5.75
4mhl_A	1	20	1250	10	76
1y1x_A	1	10	238	10	75
1alu_A	1	20	1250	10	20.43
2pyb_A	1	20	1260	10	61
2gf4_A	1	20	1270	110	7
3f8m_A	1	10	10	10	11.67
1vjx_A	1	20	1260	10	63
2wlu_A	1	20	1260	10	81
3cn5_A	1	20	1080	10	111.5
3khe_A	1	10	238	10	72
1szi_A	1	20	120	340	7
3o9x_A	1	10	260	40	12.5
4n6h_A	1	20	1070	10	6
2qwt_A	1	10	357	10	5.75
1rcw_A	1	20	910	10	97
2qib_A	1	10	357	10	4.67
3wfd_B	1	20	210	10	110
1gpj_A	1	10	1200	70	7
1cnt_1	1	20	1250	10	72
3bpv_A	1	10	10	10	19
3zyq_A	1	25	40	90	17.5
4is7_A	1	10	150	50	70
3kly_A	1	20	1080	10	27.4
3tmm_A	1	10	30	10	97
2w48_A	1	10	10	60	14
3qap_A	1	20	1070	10	4.67
2oex_A	1	20	120	560	7
2oex_A	1	20	140	50	7
2kn6_A	1	10	533	10	13
2ozn_B	1	20	1270	90	28.33
1tqg_A	1	20	120	160	52
3vrc_A	1	20	120	10	7
4dol_A	1	10	890	20	29
3dkw_A	1	10	10	10	7
2pvb_A	1	10	238	10	16.33
3rv1_A	1	10	1520	10	15
3iq1_A	1	20	1260	10	72
2b2h_A	1	10	3430	10	66
2gf5_A	1	10	533	10	95.5
3g7r_A	1	10	357	10	5.33
3org_A	1	10	3080	10	7
3mw6_A	1	10	1710	10	16.2
2ix5_A	1	10	540	10	12.67
3di5_A	1	20	120	450	72
3iis_M	1	40	10	10	18.5
3f0c_A	1	10	357	10	12.33
4gyv_A	1	20	900	10	8
2cf7_A	1	20	1260	10	65
2icw_G	1	10	10	530	4.25
4f4s_A	1	20	20	10	33.5
2oku_A	1	20	120	470	4.5
1w99_A	1	20	190	10	5
4kwa_A	1	10	357	10	14.5
2p3y_A	1	10	3360	10	7
3gf3_A	1	20	5	680	4.75
1h1o_A	1	10	760	10	67
1yuz_A	1	20	1260	10	96
3zsu_A	1	20	120	290	13
3nvo_A	1	20	58	340	7
3b9j_A	1	10	150	120	9.5
2xgw_A	1	20	1260	10	81
1fnn_A	1	10	10	10	10
2l7a_A	1	20	120	230	31.33
4tl3_A	1	20	1070	10	69
4irn_A	1	20	140	10	60
1ais_B	1	10	472	10	96.5
2lww_A	1	20	1020	10	16
3cuq_C	1	10	10	10	86.5
3cuq_C	1	10	10	570	86.5
3cuq_A	1	10	10	10	63
3cuq_B	1	10	10	10	18.71
4i98_B	1	10	10	10	68.5
2dq0_A	1	10	287	40	7
3r6y_A	1	20	200	10	7
2rkk_A	1	25	40	270	69
1ryk_A	1	10	1470	10	26
2a2r_A	1	20	1050	10	9.25
1m6y_A	1	10	150	170	32
1r0d_A	1	20	1410	10	5.33
1tzv_A	1	10	940	10	70
1orq_C	1	10	287	70	4.75
4ev0_A	1	10	10	10	7
1s6i_A	1	10	238	10	78
1nya_A	1	10	238	10	21.2
3mc1_A	1	10	150	240	20
2yw6_A	1	20	1260	10	57
2vsg_A	1	10	470	10	7
4ezc_A	1	10	3430	10	131
3vg9_A	1	20	1070	10	7
2v0c_A	1	10	730	10	6.4
3d3b_A	1	10	940	10	69
3r2c_A	1	10	940	10	66
4fqg_A	1	10	10	440	62
6pax_A	1	10	10	10	66.5
1bgc_A	1	20	1250	10	72
2p0m_A	1	20	245	10	7
3tds_A	1	20	1080	10	28.5
3idw_A	1	10	150	50	29
2jt1_A	1	10	10	10	10
2guz_A	1	10	287	110	19
3uo3_A	1	20	1280	20	6
2ks9_A	1	20	1070	10	10.67
3k3f_A	1	10	3430	10	16
1fft_C	1	20	120	80	14
1fft_A	1	20	210	10	11.43
2wb0_X	1	10	269	10	5.33
1j30_A	1	20	1260	10	5
2lv7_A	1	10	238	10	46.5
1j1e_C	1	20	5	350	7
3ezx_A	1	10	1240	10	4
1e9r_A	1	10	8	80	12
3d2f_A	1	20	1270	10	7
2r2i_A	1	10	238	10	84
2rd9_A	1	20	120	450	7
1du6_A	1	10	10	60	16
3kkd_A	1	10	357	10	7
1k40_A	1	20	120	330	62
2c4j_A	1	20	1050	10	9.71
1m0k_A	1	20	1070	10	78
1t6u_A	1	20	120	400	5.25
2d1h_A	1	10	10	10	14
1n00_A	1	10	220	10	78
3w6j_B	1	10	10	10	81
1xmx_A	1	10	10	680	16.5
4mn0_A	1	10	238	10	24.67
2o36_A	1	10	1370	10	3.2
3r9v_A	1	20	1710	10	7
1k9u_A	1	10	238	10	33
2au5_A	1	20	120	590	64
2opo_A	1	10	238	10	36
4hh5_A	1	10	1780	10	69
4bvn_A	1	20	1070	10	35.5
3agt_A	1	20	120	50	66
1wku_A	1	10	418	10	92.5
2qm4_A	1	10	287	450	7
1sj7_A	1	20	1420	10	6.33
1j1d_C	1	20	5	350	7
1gs9_A	1	20	120	20	38.33
4mk6_A	1	10	357	10	28.5
2q0t_A	1	20	1290	10	116.5
1zs3_A	1	20	1260	10	8
2gtv_X	1	20	59	10	47
2mhr_A	1	20	120	50	49
1eq1_A	1	20	120	20	9.25
3kwo_A	1	20	1260	10	74
2bzt_A	1	10	10	600	11
3ft7_A	1	10	1220	10	11
3o7q_A	1	20	1250	20	98.67
2fzf_A	1	20	1260	10	78
2zon_G	1	10	760	10	10
3vw7_A	1	10	530	40	8
3vw7_A	1	20	1070	10	8
3c1v_A	1	10	238	10	41.5
3odx_A	1	20	900	10	7
2l7n_A	1	20	1420	10	4.5
4hr0_A	1	10	620	20	7
1tf5_A	1	10	3060	10	7
2pk2_A	1	10	472	10	128
1go3_F	1	10	150	80	35
1go3_F	1	10	287	420	35
1dwk_A	1	10	260	40	14.6
3hd6_A	1	10	3430	10	6.67
2o61_A	1	10	10	10	110
2qvw_A	1	10	1520	10	12.5
2zz9_A	1	20	1080	10	96.5
1ors_C	1	20	120	350	5
2c41_A	1	20	1260	10	23.17
2ims_A	1	10	437	10	7.5
3bhq_A	1	10	357	10	13.5
2zfw_A	1	10	10	10	13
1o2d_A	1	20	1090	10	10
3i4p_A	1	10	10	10	11.67
1nfn_A	1	20	120	20	63
3odw_A	1	20	900	10	7
3tui_A	1	10	3720	10	7
4bem_J	1	20	120	610	39.5
1sj8_A	1	20	1420	10	6.5
3ibx_A	1	20	910	10	22.78
2lig_A	1	20	120	30	7
3e3v_A	1	10	10	10	51
4jxy_A	1	10	600	10	63
4cyb_A	1	20	1260	10	84
2azk_A	1	10	600	10	8
1evs_A	1	20	1250	10	12
3vh5_A	1	10	20	10	39
3hjl_A	1	10	220	30	17.88
1n81_A	1	10	3030	10	92
2fm8_C	1	10	4150	10	26
2p1a_A	1	20	120	450	69
3zri_A	1	10	1780	10	81
1t5j_A	1	10	4080	10	7.5
2p0n_A	1	20	120	520	78
2ofy_A	1	10	260	40	10
4a8e_A	1	10	150	130	39
1k3y_A	1	20	1050	10	7.33
3tq6_A	1	10	30	10	96
2scp_A	1	10	238	10	26.33
2bcq_A	1	10	150	20	16
2yzv_A	1	10	4080	10	18.5
2rcc_A	1	10	620	20	65.5
2gyq_A	1	20	1260	10	11.67
3lsg_A	1	10	10	60	51.5
2cj4_A	1	20	140	40	3
2fml_A	1	10	287	1030	3
1rtw_A	1	20	910	10	6.5
2fu2_A	1	20	1440	50	25
4phj_A	1	10	238	10	49.67
4u12_A	1	10	3350	10	20
1nay_A	1	20	5	320	3
1ppr_M	1	40	10	10	103.33
3iqc_A	1	20	120	340	54
1syy_A	1	10	620	20	17.67
1np8_A	1	10	238	10	74
3v2y_A	1	20	1070	10	7
2xub_A	1	10	10	10	108.25
1qkr_A	1	20	120	230	12.25
2o9g_A	1	20	1080	10	98
2zfd_A	1	10	238	10	87
3e70_C	1	20	120	140	5.25
3p57_P	1	20	1020	10	38
4aan_A	1	10	760	10	77.33
2l4b_A	1	10	1200	10	41
3ldc_A	1	10	287	70	20
1vsg_A	1	10	470	10	7
1x2i_A	1	10	150	20	9.5
2bl2_A	1	20	120	610	74
4wk5_A	1	10	600	10	60
3akb_A	1	10	238	10	79
2l22_A	1	10	1200	10	82
1ft9_A	1	10	10	10	7
3sei_A	1	10	150	50	73
2ccm_A	1	10	238	10	93
3vj9_A	1	10	600	10	24.5
3n3r_A	1	10	520	10	8
4irf_A	1	10	1780	10	72
3k21_A	1	10	238	10	76
3h4s_E	1	10	238	10	43
1uhn_A	1	10	238	10	87
1rt8_A	1	10	418	10	116
4etr_A	1	20	1260	10	55
1wyr_A	1	10	418	10	40
1ox3_A	1	20	5	320	7
4atv_A	1	20	1530	10	156
3vrd_A	1	10	760	10	75.5
3hlx_A	1	20	910	10	5.67
1lj2_A	1	20	5	970	7
1u84_A	1	10	340	20	37
1oed_A	1	20	58	390	9
1wle_A	1	10	287	40	7
3bnj_A	1	10	1130	10	7.67
2zxe_A	1	20	1110	10	7
1r6b_X	1	10	8	60	257.5
1wsu_A	1	10	10	10	62
2e6w_A	1	10	238	10	42
4ghj_A	1	10	260	40	12
2y1n_A	1	10	238	10	27.4
2y1n_A	1	20	930	20	27.4
3ge3_A	1	10	620	20	7.5
1aoa_A	1	10	418	10	123.5
1wzd_A	1	20	910	10	87
2nsf_A	1	20	120	450	84
3piw_A	1	20	1250	10	75
1jjo_A	1	10	287	580	16.5
1jjo_A	1	10	287	580	16.5
1jjo_A	1	10	287	580	16.5
2l10_A	1	20	1420	10	39
1rh5_A	1	10	3370	10	9.75
2ou3_A	1	10	3680	10	75
4o1w_A	1	10	760	10	13
2bbz_A	1	10	533	10	87
1xo5_A	1	10	238	10	21
3qx3_A	1	10	268	10	7
1exr_A	1	10	238	10	32.5
4dx5_A	1	20	1640	10	452.5
2kvp_A	1	20	1420	10	7
1n1f_A	1	20	1250	10	71.5
3frh_A	1	10	8	10	14.5
2cch_B	1	10	472	10	123.5
2ahr_A	1	10	3730	10	10
3apz_A	1	10	600	10	10
2van_A	1	10	150	20	11.5
3mk7_C	1	10	760	10	99
3mk7_A	1	20	210	10	7
1owl_A	1	25	40	80	7.67
1vf7_A	1	10	287	470	36
2pg0_A	1	20	140	10	75
3c4r_A	1	10	3600	10	58
2igs_A	1	10	3690	10	7
3ihp_A	1	10	8	10	48
1g3n_C	1	10	472	10	110.5
1jfi_B	1	10	20	10	20.5
1lva_A	1	10	10	10	64.5
1nkt_A	1	10	3060	10	7
1b22_A	1	10	150	20	15.25
1gv2_A	1	10	10	60	51
4m32_A	1	20	1260	10	78
1u8v_A	1	20	140	10	7
1qpz_A	1	10	260	40	16.33
1q6h_A	1	10	287	460	7
1a87_A	1	10	490	30	7
1xio_A	1	20	1070	10	9.2
4tw3_A	1	20	1260	10	99
1b8x_A	1	20	1050	10	37
3lb6_A	1	20	1250	10	21.75
4l8u_A	1	10	246	10	194.33
3bvo_A	1	10	287	110	85
3bvo_A	1	20	1280	20	85
3piv_A	1	20	1250	10	75
2ese_A	1	10	150	50	10
1s8n_A	1	10	10	10	6.67
1oed_C	1	20	58	390	63
2q52_A	1	10	3520	10	3.44
3vuq_A	1	10	357	10	7.67
2d1v_A	1	10	10	10	18
2vxz_A	1	10	10	10	76.5
1lea_A	1	10	10	10	24
2apl_A	1	10	8	330	21.67
1ij5_A	1	20	58	90	7
3b0b_A	1	10	20	10	4.4
1o57_A	1	10	10	10	18
3ddh_A	1	10	150	240	20.33
2rbd_A	1	20	1260	10	79
3tul_A	1	20	120	330	7
4cmy_A	1	20	1260	10	9
4n9f_3	1	20	1310	10	147.5
3dyj_A	1	20	1420	10	7
3q2q_A	1	10	600	10	15.2
3c02_A	1	20	1080	10	114.5
1knc_A	1	20	1290	10	84
3on4_A	1	10	357	10	4.67
3ee4_A	1	10	620	20	13
2af7_A	1	20	1290	10	12.67
4eoz_B	1	20	1310	10	21.67
2im8_A	1	20	120	440	7
3axj_B	1	20	58	190	7
1y0n_A	1	10	10	610	15.75
3u1k_A	1	10	10	400	248.5
4iwk_A	1	20	1260	10	78
1rxq_A	1	20	120	450	84
4mdu_A	1	10	220	10	85
1kxp_D	1	10	246	10	16.7
2zhj_A	1	10	220	10	78
1fio_A	1	20	58	70	7
2m8e_A	1	10	10	10	14
1x6i_A	1	10	150	250	11.83
2r0y_A	1	20	920	10	141.5
2elc_A	1	20	970	10	16.67
3nrw_A	1	10	150	130	20.5
3m1d_A	1	10	1170	10	4.5
3hwc_A	1	20	140	10	7
2yqy_A	1	20	120	450	8.5
2pjp_A	1	10	10	10	60.5
4hyj_A	1	20	1070	10	41.25
2c2j_A	1	20	1260	10	82
2ib0_A	1	20	1260	10	29.67
1tiz_A	1	10	238	10	31.5
3u52_A	1	10	620	20	4
1z6o_M	1	20	1260	10	95
1z6o_A	1	20	1260	10	36.67
2i7a_A	1	10	238	10	3.5
1m0w_A	1	10	1080	10	16
3cl3_A	1	10	533	10	86
2yhs_A	1	20	120	140	6
1td6_A	1	20	1480	10	16.25
2vpz_C	1	20	1630	10	72
3zoj_A	1	20	1080	10	115.5
3b5o_A	1	20	910	10	3.14
2qeu_A	1	20	1290	10	23
4un2_B	1	10	8	10	1
1bl0_A	1	10	10	60	58
1u89_A	1	20	120	230	69
2ap3_A	1	20	120	570	7
2o57_A	1	10	287	840	40
1v63_A	1	10	30	10	15.5
1nf1_A	1	10	506	10	7.5
3eet_A	1	10	10	10	14.33
3bz6_A	1	10	10	10	81
3ogh_A	1	20	1260	10	57
2jsw_A	1	20	1410	10	9.44
4ewi_A	1	10	533	10	43
2wa7_A	1	10	418	10	99
1eg3_A	1	10	238	10	19.86
3qbg_A	1	20	1070	10	6.75
4hr3_A	1	10	540	10	15.5
3doa_A	1	10	8	50	13.5
1zar_A	1	10	510	10	10
2lbc_A	1	10	8	10	51
1mty_G	1	20	1280	10	75
1mty_G	1	20	1280	30	75
1nlx_A	1	20	120	320	51
3rf7_A	1	20	1090	10	7.67
2r9r_B	1	10	287	70	7
3e3r_A	1	10	238	10	59
2qzg_A	1	20	1440	50	20.75
2qnl_A	1	20	120	450	13.5
2lqg_A	1	20	120	230	61
1iqv_A	1	10	455	10	4.67
3mjo_A	1	10	620	20	7
2ii2_A	1	10	220	10	75
1p4x_A	1	10	10	10	120
3mpx_A	1	20	900	10	7
3uv4_A	1	20	920	10	15
1io1_A	1	20	1330	10	7
2foz_A	1	10	4080	10	16.5
1je8_A	1	10	10	10	8
2jgz_B	1	10	472	10	21.5
2rld_A	1	20	1440	60	6.33
1u7g_A	1	10	3430	10	5.4
3on2_A	1	10	357	10	9.75
2hps_A	1	10	238	10	90
2vxx_A	1	20	1260	10	84
1s1e_A	1	10	238	10	84
2og2_A	1	20	120	140	5.4
1okc_A	1	50	40	10	90.67
2aef_A	1	20	5	870	63
1n1b_A	1	10	600	10	5.33
4ead_A	1	20	970	10	17
1txd_A	1	20	900	10	7
2oh3_A	1	20	1260	10	3.2
4mn9_A	1	20	1260	10	86
4git_A	1	10	8	60	13.83
1dof_A	1	20	200	10	9
2j0o_A	1	20	1710	10	7
1u2w_A	1	10	10	10	40.5
1m70_A	1	10	760	10	80
1wu3_I	1	20	1250	10	78
3qhb_A	1	20	1260	10	87
3vf0_A	1	20	120	230	87
1dov_A	1	20	120	230	7
3q4n_A	1	20	1260	10	84
2gfn_A	1	10	357	10	4.5
1gjj_A	1	10	720	40	27
2jdi_D	1	10	1140	10	6.33
3ip4_B	1	10	10	410	14.4
1jba_A	1	10	238	10	21
3kyj_A	1	20	120	160	23.6
2ld6_A	1	20	120	160	20.5
2jdi_A	1	20	150	20	3.6
1xd4_A	1	10	840	10	14
1avc_A	1	10	220	10	73.43
2jul_A	1	10	238	10	19.5
2v9v_A	1	10	10	10	67.5
4ene_A	1	10	3080	10	190
1fd9_A	1	10	287	460	7
1sxj_E	1	10	8	60	14
1xb2_B	1	10	8	10	116.5
1g33_A	1	10	238	10	34.5
2fjc_A	1	20	1260	10	75
3vgj_A	1	10	240	10	4.75
2itb_A	1	20	1260	10	98
4eve_A	1	20	1260	10	69
4jio_A	1	20	120	560	66
3uv5_A	1	20	920	10	7
2yev_A	1	20	210	10	4.75
2wh5_A	1	20	80	10	11
1xma_A	1	10	10	10	50
2z73_A	1	20	1070	10	7
4lde_A	1	20	1070	10	35.5
1d2z_B	1	10	533	10	25
2gru_A	1	20	1090	10	12.5
3oa8_A	1	10	760	10	8.5
2xhe_B	1	20	58	70	6.5
2xhe_A	1	25	40	60	5
2hf5_A	1	10	238	10	32.5
4bof_A	1	10	3930	10	81
4bxo_B	1	10	150	20	97
4a64_A	1	20	1310	10	56
2qf9_A	1	20	1260	10	78
3ivf_A	1	20	80	10	20.5
1f1e_A	1	10	20	10	75
3go5_A	1	10	10	10	14.33
1k78_A	1	10	10	10	60
3ak8_A	1	20	1260	10	3.17
3q4o_A	1	20	1260	10	25.5
1rep_C	1	10	10	10	98.5
3ddl_A	1	20	1070	10	6.25
1dip_A	1	20	5	490	6
4cy9_A	1	20	1260	10	81
3p4t_A	1	10	540	10	6.5
3hfw_A	1	10	4080	10	8
4n0k_A	1	10	760	10	15
1u5t_A	1	10	10	10	70.5
1u5t_B	1	10	10	10	84.5
1xsm_A	1	10	620	20	3.5
2yn7_A	1	10	3160	10	7
1ls1_A	1	20	120	140	28.5
1h6g_A	1	20	120	230	63
2rgn_B	1	20	900	10	7
2yjk_A	1	20	1260	10	74
3n5n_X	1	10	340	30	3
1wur_A	1	10	286	10	16
1c7c_A	1	10	490	10	10
2h5n_A	1	10	3680	10	63
2nra_C	1	10	10	10	126
3d3l_A	1	20	245	10	7
2rfb_A	1	10	630	10	12
3cax_A	1	20	120	520	10
3eij_A	1	25	40	180	45
3rde_A	1	20	245	10	7
3fxq_A	1	10	10	10	15
1khy_A	1	10	1780	10	63
2uw1_A	1	10	620	20	7.33
3hhg_A	1	10	10	10	3.2
1xg0_C	1	10	490	20	4.75
3dfg_A	1	10	10	10	3
4evf_A	1	10	220	10	72
2bhw_A	1	10	3460	10	7
2nvu_B	1	10	10	520	12.5
3eb7_A	1	20	190	10	14
2hrj_A	1	20	80	10	15
3wdc_A	1	10	1780	10	72
1uur_A	1	10	238	10	23
2ivx_A	1	10	472	10	9.33
3eiq_C	1	25	40	180	13.8
1vlg_A	1	20	1260	10	6.75
1wy0_A	1	10	600	10	23
1n69_A	1	10	225	10	36
3tri_A	1	10	3730	10	12.67
1jr3_A	1	20	272	10	18
1irq_A	1	10	1220	10	6
2cfq_A	1	20	1250	20	96
1oyi_A	1	10	10	10	8
2kiw_A	1	10	150	130	20.33
3lcp_C	1	10	238	10	30.5
3pcv_A	1	20	120	550	7
2qe9_A	1	20	120	450	75
1zbp_A	1	25	40	10	33
2lm4_A	1	10	150	250	15
3dm5_A	1	20	120	140	10
1a9x_A	1	10	1030	10	435
1r8e_A	1	20	5	490	7
2a3v_A	1	10	150	130	5
2a3v_A	1	10	443	10	5
3b9w_A	1	10	3430	10	60
1wb9_A	1	10	1420	10	7
2qqy_A	1	20	1260	10	3.5
1xb4_A	1	10	10	10	90
1xb4_A	1	10	10	570	90
1h99_A	1	10	1790	10	73.33
1kqf_B	1	20	5	480	4.5
2vrw_B	1	20	900	10	7
2vzb_A	1	20	1260	10	81
1nfv_A	1	20	1260	10	79.5
1c7v_A	1	10	238	10	30
3thx_B	1	10	1420	10	7
2dw4_A	1	10	287	80	7
2gsc_A	1	20	1440	60	4.75
2cq8_A	1	10	1200	10	27
2q4u_A	1	10	238	10	88
1tjo_A	1	20	1260	10	6.67
1sum_B	1	20	58	220	99
3nyv_A	1	10	510	10	7
3qqa_A	1	10	357	10	13.5
2axi_A	1	10	245	10	39.5
2o1o_A	1	10	600	10	13.5
1yf2_A	1	10	287	1120	7
1i36_A	1	10	1040	10	5.67
3bt5_A	1	20	1260	10	6.67
2lvs_A	1	10	10	60	16.67
1dc1_A	1	10	238	90	7
3ctv_A	1	10	1040	10	7.33
1jb0_A	1	20	1130	10	7.33
3ky9_A	1	20	900	10	7
1juo_A	1	10	238	10	67.5
3lk5_A	1	10	600	10	20
1wwm_A	1	20	910	10	7.5
1vku_A	1	10	1200	10	40
3nce_A	1	20	1250	10	85
4pe0_A	1	10	238	10	40.5
3beh_A	1	10	287	70	7
1u9p_A	1	10	1220	10	38.5
3qu3_A	1	10	10	10	11.8
2zw3_A	1	20	1440	80	4.4
2kiv_A	1	10	150	50	67.5
1i6z_A	1	20	58	120	7
1vol_A	1	10	472	10	102
1zvu_A	1	10	268	10	7
4gc0_A	1	20	1250	20	108
1orj_A	1	20	120	340	4.25
3uno_A	1	20	1260	10	78
3llq_A	1	20	1080	10	104
1u78_A	1	10	10	60	51.5
3a68_A	1	20	1260	10	96
1u19_A	1	20	1070	10	6.25
1t7s_A	1	20	58	120	6.67
1xly_A	1	20	200	20	78
2r7d_A	1	10	10	10	4
1r2j_A	1	10	540	10	11.5
1nnl_A	1	10	150	210	14.25
3cym_A	1	10	150	80	104
2f2b_A	1	20	1080	10	96
1gqe_A	1	20	58	410	7
2ggz_A	1	10	238	10	36
1m5y_A	1	10	4030	10	4
3fvb_A	1	20	1260	10	11.67
3ag3_C	1	20	120	80	6.25
3ag3_A	1	20	210	10	8.25
3b77_A	1	10	287	210	9.4
1wgw_A	1	20	120	140	47.5
1xg2_B	1	20	140	40	11.5
1k94_A	1	10	238	10	81
3tac_B	1	10	150	50	96
1ng6_A	1	10	10	410	21.4
1ng6_A	1	10	1510	10	21.4
1xgs_A	1	10	10	10	9.5
2j91_A	1	20	200	10	7
3bow_A	1	10	238	10	293
4m6b_A	1	10	20	10	81
3bzk_A	1	10	3500	10	7
4usa_A	1	10	150	120	36
4ggf_C	1	10	238	10	47
1ldj_A	1	10	10	10	89
1jig_A	1	20	1260	10	3.86
1fx8_A	1	20	1080	10	6
3op9_A	1	10	260	40	17
3rf3_A	1	20	120	230	7
1qc7_A	1	10	220	30	5.67
1pw4_A	1	20	1250	20	15
3ipi_A	1	10	600	10	14
3t92_A	1	20	1020	10	48
2bbr_A	1	10	533	10	87
1tbx_A	1	10	10	10	7
1oxj_A	1	10	150	50	10.33
3usw_A	1	10	220	30	70.67
2sas_A	1	10	238	10	40.5
3s8g_A	1	20	210	10	12.4
3lap_A	1	10	10	10	16.5
3dka_A	1	20	120	450	66
1iuq_A	1	10	1200	50	4.25
2i0m_A	1	20	58	220	99
2rmr_A	1	20	1160	11	10
2i53_A	1	10	472	10	103
3tad_C	1	10	150	50	77.33
3tad_A	1	10	150	50	87
2jnf_A	1	10	238	10	79
2jaf_A	1	20	1070	10	4.33
2qup_A	1	20	120	490	4
1rz4_A	1	10	10	10	13.33
1uj8_A	1	10	10	600	12
1ciy_A	1	20	190	10	9
3gd8_A	1	20	1080	10	102
1t72_A	1	20	58	220	60
2m66_A	1	20	1150	12	13
2b0h_A	1	20	120	230	64
1gnl_A	1	20	1270	20	3.63
1vyk_A	1	20	120	290	5.67
4g78_A	1	20	120	160	73
2zjs_Y	1	10	3370	10	6.67
1qo0_D	1	10	10	10	7
2znd_A	1	10	238	10	69
2w96_A	1	10	472	10	114
1zym_A	1	10	274	10	7.5
3elk_A	1	10	10	10	13
1tkv_A	1	10	1810	10	11
3rbz_A	1	10	287	70	11.67
4gft_A	1	10	238	10	27.5
1k6k_A	1	10	1780	10	62
3h2z_A	1	10	1040	10	5
3nzz_A	1	20	1710	10	7
3bvf_A	1	20	1260	10	75
1u7l_A	1	20	1460	10	7
2c2u_A	1	20	1260	10	87
1yar_O	1	20	120	180	7
2ct9_A	1	10	238	10	92.5
1foe_A	1	20	900	10	7
1r17_A	2	60	40	1280	3
1r17_A	2	60	40	1290	3
2x55_A	2	40	128	90	1
3f02_A	2	30	39	10	3
2iln_I	2	10	69	10	26
1oki_A	2	60	20	10	90
4khb_B	2	30	29	30	11.5
3m65_A	2	30	130	40	6.67
2jgs_A	2	40	128	30	21
2in0_A	2	170	16	10	8.57
1a7i_A	2	10	110	10	22
2v09_A	2	60	120	10	157.5
3gsl_A	2	30	42	10	3
1dx8_A	2	20	28	10	17
2qqk_A	2	60	120	290	114
2wnk_A	2	60	40	1320	86
1m2v_B	2	60	40	1670	14
1ouw_A	2	100	10	30	49
1kzl_A	2	40	30	20	93
1p6f_A	2	60	40	10	94
1dfa_A	2	170	16	10	3
2dxu_A	2	30	30	100	9.5
2p0k_A	2	30	30	140	81.5
1enf_A	2	40	50	110	43
1es7_B	2	10	60	10	10
3d37_A	2	30	300	10	12.5
2kcc_A	2	40	50	100	6.14
2owo_A	2	40	50	140	9.4
2q9o_A	2	60	40	420	19
2gy5_A	2	60	40	10	7.5
2bv2_A	2	60	20	10	39
4qdc_A	2	102	10	10	6.5
3v8o_A	2	60	40	10	96.5
2xu9_A	2	60	40	420	192
2kbs_A	2	30	42	10	11
4jqt_A	2	60	120	560	201.5
4lot_A	2	10	70	10	64.5
3dkw_A	2	60	120	10	7
1n02_A	2	30	60	10	49.5
1sdd_B	2	60	120	260	8.5
1sdd_A	2	60	40	420	11
2id4_A	2	60	120	260	12.5
3tj7_A	2	40	320	10	75
1p1d_A	2	30	42	10	91
1l9n_A	2	60	40	10	3
3dwo_X	2	40	160	60	1
4han_A	2	60	120	200	16
1stm_A	2	60	120	220	3
2wjs_A	2	60	120	200	117.5
3oug_A	2	40	40	20	49
3pzf_A	2	30	39	10	3
4cri_A	2	30	30	30	54
4cri_A	2	30	30	140	54
2wt0_A	2	60	120	200	147
2coc_A	2	30	29	30	25
3ts2_A	2	40	50	140	65
2bg9_A	2	70	170	10	14
2p3y_A	2	20	25	10	7
3qo4_A	2	10	50	10	78
1yuz_A	2	20	28	10	96
1lr5_A	2	60	120	10	16
2yrc_A	2	30	30	380	13.33
1bb9_A	2	30	30	40	11
3ge2_A	2	40	128	50	11.5
2p17_A	2	60	120	10	107
3rns_A	2	60	120	10	100.5
3aw5_A	2	60	40	420	12
2odx_A	2	60	260	40	9.5
2x46_A	2	40	128	20	9.2
1u3b_A	2	30	42	10	90
3sfj_A	2	30	42	10	11.33
2g81_I	2	10	69	10	20
2yxw_A	2	60	40	420	135
2h5c_A	2	40	10	10	7.67
4ev0_A	2	60	120	10	7
1ctl_A	2	10	110	10	31
3a35_A	2	40	30	20	90.5
3m1i_B	2	30	29	30	9.67
3erb_A	2	10	70	10	60
2qqi_A	2	60	120	260	9
1lnz_A	2	70	210	12	3
3tj8_A	2	60	260	20	7.5
2g3r_A	2	30	30	30	54
2g3r_A	2	30	30	140	54
3sw0_X	2	10	70	10	9.63
1c3g_A	2	60	260	20	84
1pgl_2	2	60	120	20	9.67
3v85_A	2	40	320	10	84
3ka2_A	2	40	70	10	94
1t7v_A	2	60	40	10	11.5
1agj_A	2	40	10	10	10.2
4hsc_X	2	60	40	1430	3
2d9r_A	2	40	30	100	40.5
1rl1_A	2	60	40	790	40
3hqi_A	2	60	210	10	3
1qqh_A	2	170	200	10	18
4dey_A	2	30	30	40	22.5
1jnp_A	2	40	15	10	34.5
2h4q_A	2	30	39	10	3
1x6a_A	2	10	110	10	35
1ts9_A	2	30	30	210	24
3rio_A	2	30	24	10	9.57
2xsg_A	2	70	98	10	14.67
1ueb_A	2	40	50	140	60
2o62_A	2	40	128	20	134.5
2nvn_A	2	30	31	10	53.5
2xjy_A	2	10	110	10	63
2qtw_B	2	60	120	690	66.33
2eqs_A	2	40	50	140	6.33
3kic_A	2	170	30	10	1
2iyb_E	2	10	110	10	27
1uzk_A	2	10	25	10	8
1hc1_A	2	60	40	1520	3
2ywe_A	2	40	30	10	10
2k5i_A	2	30	30	90	75
1jmo_A	2	30	39	10	3
1cz4_A	2	40	40	20	6.67
1b8t_A	2	10	110	10	93
4e2u_A	2	170	16	10	72.5
2qm4_A	2	170	210	10	7
2cua_A	2	60	40	420	3
4jc0_A	2	40	50	140	10.5
4l5t_A	2	40	50	140	90
1uyn_X	2	40	128	130	1
1ydu_A	2	30	240	10	1
2r9y_A	2	30	39	10	3
1vvc_A	2	10	70	10	49.5
1qqg_A	2	30	29	30	103.5
1x8q_A	2	40	128	20	19.5
2d8y_A	2	10	110	10	33
2yhh_A	2	30	60	10	51.5
3czz_A	2	30	60	10	50
1mvf_D	2	10	260	10	8
4kca_A	2	115	10	20	28.33
1epa_A	2	40	128	20	40
4ko8_A	2	40	40	20	50
1mbm_A	2	40	10	10	9.14
2kbx_B	2	10	110	10	26
4iqz_A	2	40	50	100	87
3vg7_A	2	40	128	20	9.33
3hzb_A	2	60	20	10	40
4din_B	2	60	120	10	120.5
2dn8_A	2	40	50	100	41.5
3oq3_B	2	60	40	10	15
1im9_D	2	60	40	10	97.5
4igb_A	2	60	40	740	15.33
2bsy_A	2	70	40	10	9.75
3sto_A	2	30	39	10	3
1oz2_A	2	30	30	140	98.33
1zun_B	2	40	30	10	6.67
3lz8_A	2	60	260	20	90
1d2o_A	2	60	40	1140	92
4f92_B	2	60	40	150	477
1at0_A	2	170	16	10	22.4
2cg7_A	2	10	70	10	45
1e0f_I	2	70	10	10	9
1ssf_A	2	30	30	140	9.25
3mql_A	2	10	10	10	90
3mql_A	2	10	70	10	90
3aeh_A	2	40	128	130	1
2r15_A	2	60	40	10	3
3pxl_A	2	60	40	420	7
2ggr_A	2	30	30	40	16.5
2uu8_A	2	60	120	200	33
2bou_A	2	10	25	10	63
2b8m_A	2	60	120	10	13
3h7j_A	2	60	120	10	103
3fbq_A	2	60	40	1630	141.5
3fbq_A	2	60	40	1640	141.5
2zsc_A	2	40	128	30	17
1ext_A	2	10	50	10	6.5
3l8q_A	2	60	40	680	169
1vmo_A	2	100	10	20	52
3crk_C	2	40	50	100	3.8
3vub_A	2	30	30	110	17.5
3hhs_A	2	60	40	1520	3
1cd1_A	2	60	40	10	11
3d31_A	2	40	50	100	69
3d31_A	2	40	50	140	69
2p12_A	2	40	380	10	6
3pwf_A	2	20	28	10	13.5
2xdp_A	2	30	30	140	6.33
4bxs_V	2	60	40	420	517
4bxs_V	2	60	120	260	517
2fj8_A	2	10	69	10	60
4hjj_L	2	60	40	10	3
3zui_A	2	40	128	20	36
4f7k_A	2	60	40	420	125.67
1imv_A	2	30	39	10	3
3r62_A	2	10	70	10	62.5
3typ_A	2	40	320	10	36
4ge1_A	2	40	128	20	48
2erv_A	2	40	160	20	37
1d2p_A	2	60	40	1140	3
1i4u_A	2	40	128	20	14
1tq5_A	2	60	120	10	110
3zx1_A	2	60	40	420	6.75
2qt5_A	2	30	42	10	97
1d8l_A	2	40	50	140	12.25
2ozj_A	2	60	120	10	9.13
3szh_A	2	40	128	30	28
2bp5_M	2	60	40	1170	99
2vec_A	2	60	120	10	11.5
1sva_1	2	60	175	10	3
2yby_A	2	10	70	10	61.5
3r6b_A	2	20	100	10	3
3k65_A	2	40	20	10	26
2e31_A	2	60	120	260	27.4
4kty_A	2	60	40	10	105
2ea7_A	2	60	120	10	169
1cb8_A	2	70	98	10	9
4m77_A	2	30	30	100	4.67
3ia8_A	2	40	128	20	10.5
4hdo_A	2	30	29	30	11.5
4m4p_A	2	60	120	260	14
3me4_A	2	10	50	10	14.33
2cas_A	2	170	30	10	1
1ft9_A	2	60	120	10	7
2rde_A	2	40	10	220	15
3mit_A	2	100	10	30	23.5
1bym_A	2	30	30	90	7
3enu_A	2	60	20	10	45
3tnp_B	2	60	120	10	104.5
3mjg_A	2	10	90	10	3
4mtn_A	2	40	50	140	9
2hal_A	2	40	10	10	12
2edv_A	2	30	42	10	19
1q67_A	2	30	29	30	8.5
3t9w_A	2	60	40	420	8.75
3ew1_A	2	40	128	30	63
1nh2_D	2	30	18	10	8.4
1sfn_A	2	60	120	10	10
1l3a_A	2	30	31	10	66.5
3q6l_A	2	40	128	20	26
3tiw_A	2	40	40	20	45
2k7q_A	2	60	40	10	95
1cvr_A	2	60	40	10	7
3wob_A	2	100	10	30	42.67
4orr_A	2	40	128	20	9.5
1sef_A	2	60	120	10	9.5
3c0n_A	2	170	15	10	3
3e3x_A	2	40	50	250	6.33
1wgs_A	2	30	30	140	3
4lpq_A	2	40	440	10	8.5
4kfz_A	2	10	110	10	72
2fwv_A	2	40	128	20	9.67
4obi_A	2	60	320	10	41
4g0r_A	2	170	30	10	1
4c5e_A	2	30	30	140	95.75
3o4o_C	2	60	40	10	3
1qiu_A	2	10	25	20	7.33
2qdr_A	2	60	120	10	9.33
3d6w_A	2	40	50	40	8
2pnr_C	2	40	50	100	36.5
2jks_A	2	60	40	1320	3
3e6p_L	2	40	20	10	18
1dlp_A	2	90	10	10	110
2j3s_A	2	60	40	10	12
2xll_A	2	60	40	420	4.71
3r0h_A	2	30	42	10	3
4gzu_A	2	30	29	30	12.5
1i8d_A	2	40	30	20	96
4esn_A	2	60	320	10	37.5
1h9m_A	2	40	50	100	65
3sp8_A	2	40	20	10	83.5
1vf7_A	2	40	50	100	36
1twf_I	2	20	25	10	53
1mpp_A	2	40	70	10	3
3mj6_A	2	60	40	10	113.5
4kop_A	2	30	31	10	64
4epc_A	2	30	30	170	70
1wlf_A	2	40	40	20	37
2mox_A	2	30	30	40	71.5
3op1_A	2	40	30	30	11.5
1jb7_A	2	40	50	140	142
3s3z_A	2	30	60	10	47.5
1lsl_A	2	20	100	10	3
2ag4_A	2	70	220	10	3
2ejm_A	2	40	50	100	42.5
1kl9_A	2	40	50	140	14.5
1e7n_A	2	60	20	10	42
3gke_A	2	102	10	10	11
2dne_A	2	40	50	100	9
2k7p_A	2	60	40	10	87.5
1yll_A	2	60	120	10	13.5
1hfh_A	2	10	70	10	7
1s7q_A	2	60	40	10	11.5
1ifc_A	2	40	128	20	26
1jmc_A	2	40	50	140	99
1suu_A	2	120	10	90	48.17
3oae_A	2	60	175	20	3
2wxy_C	2	30	39	10	3
3wjd_A	2	40	128	20	30
3ra4_A	2	170	30	10	1
2qsv_A	2	60	40	10	110
4dni_A	2	40	50	140	106.5
2wn3_A	2	60	120	260	3
4b7l_A	2	60	40	10	13.5
3agy_A	2	60	260	20	87
4mi5_A	2	170	270	10	34
2p8g_A	2	40	128	20	75.5
2p1y_A	2	60	40	10	96
3wjt_A	2	50	20	10	41
2r19_A	2	60	450	10	24.75
1c3m_A	2	100	10	30	45.33
3kcg_I	2	30	39	10	3
2q3z_A	2	60	40	10	107
2y25_A	2	60	40	10	100.33
1sek_A	2	30	39	10	3
1o75_A	2	60	40	1270	169
1o75_A	2	60	40	1300	169
4bbo_A	2	40	128	30	28
1h8p_A	2	10	10	10	44
1zjk_A	2	40	10	10	4.25
1hic_A	2	70	10	10	5.5
1f0c_A	2	30	39	10	3
1f0c_A	2	30	39	10	3
4kc3_B	2	60	40	10	92.67
3ubh_A	2	60	40	60	99
1hdf_A	2	60	20	10	44.5
1lns_A	2	60	120	260	3
2qcs_B	2	60	120	10	17
1u5s_B	2	10	110	10	27
1t0h_A	2	30	30	40	32
2rsp_A	2	40	70	10	57
3poy_A	2	10	25	10	188
3poy_A	2	60	120	200	188
3gwj_A	2	60	40	1520	3
2y32_A	2	40	128	30	60
1b35_B	2	60	120	20	1
1cuk_A	2	40	50	140	11.5
4j80_A	2	60	260	20	85
4pwe_A	2	60	40	180	13
1s3r_A	2	60	40	1430	3
3p2t_A	2	60	40	10	97
3lju_X	2	30	29	30	120
3nda_A	2	30	39	10	3
3u3p_A	2	10	50	10	7.8
2ajr_A	2	20	150	10	9.5
3bdl_A	2	40	50	90	129.5
4b2s_A	2	10	70	10	63.5
1qub_A	2	10	70	10	3
3a8g_B	2	30	30	50	20
3pgu_A	2	40	160	60	1
2qy0_A	2	10	70	10	72
2fbo_J	2	60	40	10	103
2dpf_A	2	90	10	10	29.67
1sy6_A	2	60	40	10	84
4enz_A	2	60	40	420	257
3kpt_A	2	60	40	740	3
1h3i_A	2	170	270	10	11
1o59_A	2	60	120	260	159
3ubg_A	2	60	40	60	99
4iup_A	2	40	50	40	55
3bs0_A	2	40	160	60	1
3sny_A	2	60	20	10	40
1aso_A	2	60	40	420	10
2h0v_A	2	60	120	10	155.5
3afg_A	2	60	120	380	13
3nzm_A	2	170	16	10	75
1uun_A	2	60	40	1650	1
1z45_A	2	70	98	10	9.33
1ljo_A	2	30	30	100	9
1k36_A	2	10	25	10	6
2jd4_A	2	60	120	200	148
3no0_A	2	120	10	90	93
4hl0_A	2	60	120	200	83
4kdl_A	2	40	40	20	42
1q25_A	2	70	130	10	142.67
3kvn_A	2	40	128	130	7
2f9h_A	2	40	33	40	60
1rid_A	2	10	70	10	12
1zsq_A	2	30	29	30	5.33
1lla_A	2	60	40	1520	3
1ibi_A	2	10	110	10	7.33
1hle_A	2	30	39	10	3
1lkp_A	2	20	28	10	13.5
4b2r_A	2	10	70	10	63
1wjj_A	2	40	50	140	18
2a5z_A	2	60	120	200	8.5
1io1_A	2	30	220	10	7
1io1_A	2	170	280	10	7
2dyi_A	2	30	30	240	23
2dyi_A	2	40	30	60	23
2ofc_A	2	60	270	20	6.4
3ru4_B	2	10	69	10	12
2arr_A	2	30	39	10	3
1h9s_A	2	40	50	100	61.5
2y23_A	2	60	40	10	101
1klo_A	2	10	25	10	11.5
2jz4_A	2	100	10	30	3
2jzj_A	2	30	60	10	51
3apa_A	2	100	10	30	44
3gp6_A	2	40	160	20	38
1yt5_A	2	60	200	30	11.5
3kq4_B	2	60	120	290	111.75
1bdo_A	2	40	50	100	33.5
3unn_A	2	60	200	20	18
4hfi_A	2	70	170	10	9
3h8z_A	2	30	30	140	54
3aqg_A	2	100	10	30	39.33
3lwk_A	2	60	20	10	43.25
2evb_A	2	40	50	100	32
2r58_A	2	30	30	140	84
2ha1_A	2	60	40	10	87.5
2xqn_T	2	10	110	10	60
2b5i_D	2	10	70	10	60
4dep_C	2	60	40	10	99
2l3s_A	2	30	30	40	67
3rbs_A	2	60	40	10	100.5
3sqr_A	2	60	40	420	89
2qkl_A	2	30	29	30	20
1sq4_A	2	60	120	10	6.33
1bd7_A	2	60	20	10	43.5
1wv3_A	2	60	200	20	93
3dem_A	2	60	120	290	5.4
3alq_R	2	10	50	10	31.5
2ou5_A	2	30	110	10	21
2hcc_A	2	40	50	40	9.17
2fr2_A	2	40	128	20	69
4bdv_A	2	60	40	420	203.67
4mee_A	2	40	128	130	99
1udx_A	2	70	210	12	3
3shr_A	2	60	120	10	5.5
1kzq_A	2	60	40	1320	109.5
1prr_A	2	60	20	10	86.5
2ix0_A	2	40	50	140	14
3tf7_C	2	60	40	10	116
3syx_A	2	30	29	30	8
3asi_A	2	10	25	10	163.5
3asi_A	2	60	120	200	163.5
2dad_A	2	60	20	10	40.5
3rlo_A	2	40	50	140	9.22
3qcw_A	2	10	25	10	186.2
3qcw_A	2	60	120	200	186.2
1wjx_A	2	40	280	10	13.67
1dsl_A	2	60	20	10	42.5
1o6w_A	2	20	70	10	34
1sng_A	2	30	39	10	3
4g3n_A	2	120	10	90	40.8
1mtp_A	2	30	39	10	3
1mtp_A	2	30	39	10	3
1ynt_F	2	60	40	1320	13.5
1wio_A	2	60	40	10	13
4ayb_P	2	20	28	30	1
2qki_C	2	40	50	120	7
4hi8_B	2	10	110	10	31.5
2uxt_A	2	60	40	420	183
4l6e_A	2	30	29	30	15
3qra_A	2	40	160	20	75
1xjv_A	2	40	50	140	10
4iau_A	2	60	20	10	80.5
1rut_X	2	10	110	10	6.67
2tnf_A	2	60	120	40	3
1e88_A	2	10	10	10	9
4o1r_A	2	170	16	10	69
4fzq_A	2	20	230	10	3
2c4i_A	2	40	128	30	104.5
1juh_A	2	60	120	10	9.75
2q2g_A	2	60	260	20	87
1usc_A	2	30	110	10	12
3ml4_A	2	30	29	30	102.5
3fm8_A	2	60	200	20	11.33
4ii1_A	2	30	30	140	68
3a6r_A	2	30	110	10	57.5
2dur_A	2	60	120	200	4.75
2kp5_A	2	60	20	10	42
1wp5_A	2	120	10	90	51
4i86_A	2	40	10	220	48
1gjx_A	2	40	50	100	10.2
4jpb_W	2	30	30	40	64
4jpb_W	2	40	50	180	64
2een_A	2	40	320	10	75
1vpr_A	2	40	128	20	13
2vdf_A	2	40	128	100	1
1n7v_A	2	60	330	10	3
1n7v_A	2	70	250	10	3
3tfm_A	2	30	29	30	9.75
2v5n_A	2	70	130	10	135.5
4hr7_B	2	40	50	100	33.5
1f60_A	2	40	30	10	11.5
3qq2_A	2	40	128	130	1
2b8f_A	2	40	50	100	6.63
4pq9_A	2	60	120	200	16
1qjp_A	2	40	160	20	4.25
2da0_A	2	30	29	30	7.5
3e20_A	2	40	30	10	98
1w9e_A	2	30	42	10	82
2y1v_A	2	60	40	740	3
1zbo_A	2	30	130	40	6.67
3sao_A	2	40	128	20	63
2q03_A	2	40	350	10	66
2ane_A	2	30	130	40	24
1uct_A	2	60	40	10	95.5
1ksi_A	2	70	98	20	1
4ewe_A	2	60	120	10	134.5
2wii_C	2	10	70	10	11
3rle_A	2	30	42	10	101
3buu_A	2	50	20	10	37
3l6v_A	2	120	10	90	50.8
2w7q_A	2	50	20	10	14.5
3ozq_A	2	30	39	10	3
1a6z_A	2	60	40	10	136
4e2s_A	2	60	120	10	113
2qom_A	2	40	128	130	1
2o2t_A	2	30	42	10	22
1b6u_A	2	60	40	10	99.5
2p28_B	2	10	25	10	43
2gai_A	2	70	20	10	3
1sg1_X	2	10	50	10	78
4doy_A	2	40	110	10	17
1ki0_A	2	40	20	10	84.33
4gv5_A	2	20	20	10	1
2xn6_A	2	30	39	10	3
2v5o_A	2	10	10	10	130
2v5o_A	2	70	130	10	130
2o10_A	2	10	110	10	25.5
1p4t_A	2	40	160	20	35
4fd9_A	2	60	20	10	45
2zaj_A	2	20	70	10	7.6
1o9a_A	2	10	70	10	46.5
3bow_A	2	60	120	380	293
3ry4_A	2	60	40	10	85
1mdc_A	2	40	128	20	25.2
2auk_A	2	40	50	100	90
1v1h_A	2	10	25	20	17
3r0q_A	2	70	160	11	11.25
3omz_A	2	60	40	10	107.5
2fxq_A	2	40	50	140	9.29
2xst_A	2	40	128	20	37
3fjs_A	2	60	120	10	9
3c3v_A	2	60	120	10	10
3cqo_A	2	60	120	260	144
3psg_A	2	40	70	10	19.5
3dzm_A	2	40	160	70	1
2oay_A	2	30	39	10	3
4c2m_H	2	40	50	140	57
2imz_A	2	170	16	10	8.82
1n67_A	2	60	40	1290	6.25
1avg_I	2	40	128	20	17
2lwy_A	2	170	16	10	63
2bc3_A	2	40	128	30	33
4kkd_A	2	10	70	10	69
4f7u_F	2	30	30	100	11
2vqa_A	2	60	120	10	175.5
2jne_A	2	10	290	10	27
3cbn_A	2	60	120	630	69.5
3pp2_A	2	30	29	30	7.5
4lej_A	2	60	120	10	163.5
2pef_A	2	30	39	10	3
1b2p_A	2	90	10	10	9
3bpk_A	2	30	110	10	7.5
1o70_A	2	30	180	10	148
4m7d_G	2	30	30	100	11.33
2qcv_A	2	20	150	10	8.5
2x27_X	2	40	160	20	4.6
1t61_A	2	170	240	10	108.5
4k35_A	2	70	98	30	9.4
4gqn_A	2	40	30	20	99
2ich_A	2	40	370	10	7
4mq0_A	2	100	10	30	138.33
1iml_A	2	10	110	10	27
2r83_A	2	60	40	150	139.5
3tas_A	2	60	40	420	12
2e26_A	2	60	120	260	117
2c4x_A	2	60	120	260	4
2uwn_A	2	10	70	10	7
2lzu_A	2	10	110	10	28
1k8g_A	2	40	50	140	7
2g1l_A	2	60	200	20	5.67
2vkw_A	2	60	40	10	98.5
2hey_R	2	10	50	10	66
1nps_A	2	60	20	10	42
2rcn_A	2	40	50	140	24
2dc4_A	2	40	320	10	66
2dar_A	2	10	110	10	39
1ov3_A	2	30	30	40	59
3of1_A	2	60	120	10	11.67
1h4a_X	2	60	20	10	41.5
1ixr_A	2	40	50	140	8.5
3hnx_A	2	30	60	10	51.5
2hnu_A	2	60	9	10	31.5
4gnx_C	2	40	50	140	9.5
3pms_A	2	60	120	230	11
3miz_A	3	40	50	2300	131.5
1vky_A	3	40	1780	10	6.67
4ej6_A	3	90	180	10	8.75
4aca_A	3	40	50	300	18
1y4c_A	3	40	190	10	19.67
1l6j_A	3	40	390	10	9
2pg3_A	3	40	50	620	5.75
3mcw_A	3	40	50	850	27
2w3p_A	3	90	226	10	16
4j90_A	3	40	50	720	63
2hcj_B	3	40	50	300	3.43
1kzy_C	3	40	50	10190	116
2bi0_A	3	10	129	10	124
2jfn_A	3	40	50	1860	99
2i4k_A	3	30	1520	10	21
1bwd_A	3	75	10	10	66.5
1vmd_A	3	40	50	1380	5.5
4fwi_B	3	40	50	300	11.5
4fin_A	3	40	50	300	178.33
1wdu_A	3	60	10	10	104.5
1w6u_A	3	40	50	720	4.67
3s99_A	3	40	50	2300	98
3isq_A	3	10	180	10	75
1o5z_A	3	90	190	20	26.5
1j4w_A	3	30	1370	10	72.5
3n4i_B	3	30	1450	10	82.5
3g68_A	3	40	50	10490	8.33
3aaw_A	3	40	1160	10	17.5
2xcz_A	3	30	429	10	57
2dbq_A	3	40	50	720	13.5
1pvm_A	3	10	580	10	63
2qby_A	3	40	50	300	22.5
1jil_A	3	40	50	620	10
3iib_A	3	40	630	10	3
3h74_A	3	40	1190	20	51.75
3iq0_A	3	40	1190	20	4
3tsa_A	3	40	50	2000	13
3mpr_A	3	60	10	10	14.67
4igk_A	3	40	50	10190	105.5
1u6l_A	3	10	180	10	66.5
2wta_A	3	40	50	850	26
3eua_A	3	40	50	10490	157.5
3e61_A	3	40	50	2300	119.5
1woh_A	3	40	800	10	117.5
1bbo_A	3	30	160	60	26.5
4iil_A	3	40	50	2300	102
1m2v_B	3	40	50	410	14
3fsd_A	3	10	450	50	14
3fwu_A	3	30	429	10	55
1k5n_A	3	30	500	10	90
4iuy_A	3	40	50	720	100
3oks_A	3	90	1150	10	23
1iy8_A	3	40	50	720	100.5
2nte_A	3	40	50	10190	11.5
3i6v_A	3	40	190	10	99
1oft_A	3	40	50	300	14
4ae8_A	3	10	129	10	18.5
4n03_A	3	40	50	2300	172.5
1qu6_A	3	30	160	20	82
3d7j_A	3	30	479	10	1
2vo1_A	3	40	50	300	97
1tfz_A	3	10	180	10	74.67
3f41_A	3	90	190	10	265.5
3mw8_A	3	40	50	10090	115
1oi7_A	3	40	50	720	25.67
3vas_A	3	30	1110	10	7.5
3vas_A	3	40	1190	20	7.5
2dxu_A	3	30	930	10	9.5
3p91_A	3	70	10	10	3
1enf_A	3	10	20	120	43
3ipc_A	3	40	50	2300	18
2hsj_A	3	40	50	1110	5
3d37_A	3	30	1920	10	12.5
2xp1_A	3	30	505	10	87.5
1gpj_A	3	40	50	720	7
4la9_A	3	40	190	10	99
2owo_A	3	30	1490	70	9.4
1oe4_A	3	40	470	10	4
3git_A	3	40	970	20	90
3git_A	3	40	1470	10	90
3kan_A	3	30	429	10	56
2cvc_A	3	90	10	10	104.5
1k4m_A	3	40	50	620	15
2o20_A	3	40	50	2300	99
3ewk_A	3	30	450	20	113.5
2w9x_A	3	40	50	1110	14.5
2qnd_A	3	30	1370	10	70.5
2hqq_A	3	40	1190	20	9.5
1vr0_A	3	90	1560	10	81
3bre_A	3	30	70	270	7
3bre_A	3	40	50	2300	7
3aql_A	3	30	460	10	5.5
3ujp_A	3	40	50	1980	12
1u0k_A	3	10	310	10	14
1jp4_A	3	30	540	10	7
3syn_A	3	40	50	300	5
1jnr_B	3	30	70	20	36
3vv5_A	3	40	190	10	99
3uem_A	3	40	30	10	107.33
3hm4_A	3	40	1550	10	65
1rm1_A	3	30	310	10	88
3i0z_A	3	40	50	10490	10.25
1vme_A	3	60	15	10	8
2f83_A	3	50	4	10	133
2r5f_A	3	40	50	1360	10
2gu3_A	3	10	450	40	64
2dlq_A	3	30	160	60	42.5
3lx1_A	3	70	10	10	60
4aec_A	3	40	50	1100	131.5
2x9g_A	3	40	50	720	105.5
1q2l_A	3	30	830	10	10
3k5p_A	3	40	50	720	20.75
3f8l_A	3	40	1410	10	80
4dol_A	3	50	70	10	29
2ef7_A	3	10	580	10	60.5
2y71_A	3	40	50	9100	63.5
2cjg_A	3	40	640	10	72
2cjg_A	3	90	1150	10	72
1u8x_X	3	90	110	10	4.67
1mky_A	3	40	50	300	160.5
2kma_A	3	10	20	90	89
3h7m_A	3	40	190	10	99
3h75_A	3	40	50	2300	153
3ffh_A	3	90	1150	10	12
2r7a_A	3	40	50	1980	9.25
2y7p_A	3	40	190	10	8.5
2fn9_A	3	40	50	2300	131
3ep6_B	3	30	360	50	7
1sur_A	3	40	50	620	15
3ftd_A	3	40	50	150	6
2hxv_A	3	40	430	10	15.5
1zod_A	3	90	1150	10	7
4ivk_A	3	40	710	10	9
3op7_A	3	40	640	10	13.75
3op7_A	3	90	1150	10	13.75
2dy1_A	3	40	50	300	13
3e48_A	3	40	50	720	46
3bul_A	3	10	196	10	11.25
3hcs_A	3	30	40	10	24.5
2wy3_A	3	30	500	10	78.5
3gku_A	3	30	300	20	12.5
2cdu_A	3	50	50	60	121.5
2zyq_A	3	10	180	10	138.5
4gwm_A	3	40	390	10	12
3idv_A	3	40	30	10	117.5
3pzf_A	3	30	497	10	3
2d4g_A	3	90	1140	10	81
4kq9_A	3	40	50	2300	138
1dq3_A	3	30	160	90	15.5
3b1n_A	3	40	1190	20	13.25
3qe3_A	3	40	50	720	8.5
1npy_A	3	40	50	720	38
1npy_A	3	40	50	10860	38
3mml_B	3	30	1360	40	36
4pz0_A	3	40	50	2300	149.5
3u49_A	3	40	50	720	98.5
2g7z_A	3	30	1180	10	27
1e0c_A	3	40	250	10	135
2ch9_A	3	10	450	10	8
1tlf_A	3	40	50	2300	148
2gj8_A	3	40	50	300	23
3rot_A	3	40	50	2300	26.25
4h17_A	3	40	50	850	26.2
2vd3_A	3	40	190	10	41
2rbb_A	3	10	180	10	64.5
3k9t_A	3	40	630	10	9.33
3b9j_A	3	10	20	30	9.5
2go7_A	3	40	50	1000	7.5
3k05_A	3	40	50	10190	96.5
2rgy_A	3	40	50	2300	137.5
2v4i_B	3	30	2330	10	36
1in0_A	3	30	70	860	73
1in0_A	3	30	70	990	73
3lm2_A	3	30	420	40	101.5
1hru_A	3	90	870	10	30
3egc_A	3	40	50	2300	99
1j0a_A	3	40	50	1100	78
2yxz_A	3	30	1330	10	30
3kzg_A	3	40	190	10	3.5
2dj0_A	3	40	30	10	45
2fyw_A	3	40	1390	30	112
4ghg_A	3	10	180	10	53
2bbe_A	3	30	70	100	45.5
3hdi_A	3	30	830	10	9.67
3ph9_A	3	40	30	10	19
1ugl_A	3	30	30	70	25
2yt5_A	3	30	40	10	18
3eaf_A	3	40	50	2300	192
1xgk_A	3	40	50	720	10.5
3d2u_A	3	30	500	10	93
1mus_A	3	90	350	10	3
3uen_A	3	40	50	10190	97.5
2pjz_A	3	40	50	300	10
3oco_A	3	10	580	10	64.5
2gg6_A	3	65	10	10	78
4nim_A	3	40	50	720	98.5
1tiq_A	3	40	630	30	6.67
3c3k_A	3	40	50	2300	132
4e69_A	3	40	1190	20	51
3gcm_A	3	30	230	70	9
4dcm_A	3	40	50	150	180
2f1n_A	3	60	10	10	11.25
3bux_B	3	30	505	10	11.5
2pvu_A	3	40	190	10	100.5
3bfm_A	3	30	930	10	11.5
2ra5_A	3	40	1410	10	72
4o64_A	3	30	40	10	29
1yb1_A	3	40	50	720	14
2f02_A	3	40	1190	20	16
3h6g_A	3	40	50	2300	9.5
2a2r_A	3	40	30	10	9.25
1m6y_A	3	40	50	150	32
3mbb_A	3	90	1150	10	7.5
2os5_A	3	30	429	10	57
1nm3_A	3	40	30	10	118.5
3dyd_A	3	90	1150	10	5.5
3pro_C	3	30	300	50	65.5
1xti_A	3	40	50	300	156.5
2yzi_A	3	10	580	10	63
1jfl_A	3	40	50	1860	102.5
1x60_A	3	30	70	1070	35.5
3rga_A	3	10	450	50	140.5
2r6j_A	3	40	50	720	10.5
4ggj_A	3	30	870	10	21.67
3euc_A	3	90	1150	10	43
3k2v_A	3	10	580	10	61.5
2kcw_A	3	40	630	30	21
2vsg_A	3	90	150	10	7
2ooi_A	3	40	1410	10	75
2e5f_A	3	40	50	10490	150.5
1hr6_A	3	30	830	10	9.67
1hr6_B	3	30	830	10	186.5
4ap2_A	3	30	710	10	21.4
2o1s_A	3	40	50	970	10.5
1ebf_A	3	30	360	10	13.5
1zz1_A	3	40	800	20	14.5
1hf2_A	3	30	750	50	11.5
1e3p_A	3	30	230	70	16
4ddd_A	3	40	190	10	14
3do5_A	3	30	360	10	5
3lti_A	3	90	1110	10	10.5
1o98_A	3	40	720	10	11.33
3nek_A	3	30	70	1360	99
1o54_A	3	10	330	20	10.5
1oac_A	3	10	450	40	13
3zvr_A	3	40	50	300	15.5
1jqe_A	3	40	50	150	14
3g23_A	3	40	50	10740	15
2c0g_A	3	40	30	10	27.5
3kxr_A	3	10	580	10	33
1zq9_A	3	40	50	150	78
2eli_A	3	30	60	20	10.5
2p0m_A	3	10	450	60	7
3k9c_A	3	40	50	2300	134
2yrr_A	3	40	640	10	9.5
2afb_A	3	40	1190	20	16.5
1mow_A	3	10	28	10	96
4wcw_A	3	30	460	10	52.5
3s6b_A	3	90	230	10	10.67
1uar_A	3	40	250	10	132
3f1l_A	3	40	50	720	10
4hsc_X	3	30	1040	20	3
3ti2_A	3	65	10	10	75
3kal_A	3	30	470	20	3
2otn_A	3	10	310	10	15
4j07_A	3	40	50	960	38
4h03_A	3	90	176	10	162.5
4fe7_A	3	40	50	2300	164.5
2nwi_A	3	40	1410	10	78.5
3un6_A	3	40	190	10	99
3guy_A	3	40	50	720	15
4uop_A	3	40	720	10	51
3ii6_X	3	40	50	10190	113.5
1vma_A	3	40	50	300	14
3eya_A	3	40	50	970	23
2aal_A	3	30	429	10	64
1xu9_A	3	40	50	720	10
3b64_A	3	30	429	10	55
2h4q_A	3	30	497	10	3
2c4j_A	3	40	30	10	9.71
2yu4_A	3	30	40	10	23
3bkr_A	3	30	1050	10	39
4gw9_A	3	30	450	40	7
3lm4_A	3	10	180	10	15
3bh0_A	3	40	50	300	3.5
4f3p_A	3	40	190	10	99
2ji4_A	3	40	50	2020	120
1yb2_A	3	40	50	150	8
3ajr_A	3	40	50	720	23.5
3l6b_A	3	40	50	1100	21
1j6u_A	3	90	190	20	8
1g8m_A	3	40	50	1380	14.5
3qf7_A	3	40	50	300	13
2ql3_A	3	40	190	10	99
3kjx_A	3	40	50	2300	118
1xkn_A	3	75	10	10	8.5
3g1w_A	3	40	50	2300	27.8
2fyf_A	3	40	640	10	5.67
3v4o_A	3	40	50	1460	33
2r37_A	3	40	30	10	27
3fbg_A	3	40	50	720	10.33
2zb4_A	3	40	50	720	18
3n4h_A	3	30	429	10	58
2w01_A	3	30	70	1230	3
1o1y_A	3	40	50	880	4.4
3jxv_A	3	10	50	40	118
1y5h_A	3	10	580	10	59
3o94_A	3	40	50	850	27
2wdq_A	3	50	50	60	9
1qy9_A	3	10	310	10	125.5
2qqz_A	3	10	180	10	61
4joq_A	3	40	50	2300	27.5
1t0t_V	3	30	70	1030	107
1t0t_V	3	30	70	1100	107
4ry0_A	3	40	50	2300	28.4
3bij_A	3	40	50	1460	22.5
3jyg_A	3	30	479	10	1
1ud9_A	3	70	10	10	99
3ddd_A	3	40	630	30	121
2hi0_A	3	40	50	1000	12.5
1jmo_A	3	30	497	10	3
1cz4_A	3	10	330	10	6.67
3ckm_A	3	40	50	2300	99
1oxx_K	3	40	50	300	13.5
2ikk_A	3	40	1410	10	62.5
3qta_A	3	40	1550	10	99
2rpc_A	3	30	160	60	31
2ns9_A	3	30	530	20	1
4h15_A	3	40	50	720	11.33
4b0a_A	3	30	310	10	80
3ezy_A	3	30	360	10	12.5
1ohe_A	3	90	190	10	169
2r9y_A	3	30	497	10	3
2pwy_A	3	10	330	20	10.5
1id1_A	3	40	50	720	8
3aqi_A	3	40	50	1400	157
4jz6_A	3	40	605	10	20
4lhp_A	3	30	429	10	65
4lb0_A	3	10	310	10	153.5
2fiy_A	3	90	1670	10	18
3b6e_A	3	40	50	300	30
2rih_A	3	10	580	10	63
1us5_A	3	40	190	10	128
2p9h_A	3	40	50	2300	134
3e0h_A	3	20	80	10	3
3bf5_A	3	40	1190	20	14
4qpn_A	3	40	50	150	28.25
1wjp_A	3	30	160	60	32.5
2ae2_A	3	40	50	720	22.33
2rci_A	3	40	198	10	1
2azn_A	3	40	430	10	9
3a1j_A	3	70	10	10	3
3a1j_C	3	70	10	10	10.5
3drw_A	3	40	1190	20	10.5
3cmw_A	3	40	50	300	321.6
1q40_B	3	10	450	50	3
1vpk_A	3	10	150	10	52
3u3z_A	3	40	50	10190	94.5
2ggc_A	3	90	230	10	118.5
1lqv_A	3	30	500	10	8
4ca1_A	3	30	40	10	26.5
3gk7_A	3	30	750	70	147
3gk7_A	3	40	1080	10	147
3kke_A	3	40	50	2300	132
2p19_A	3	40	1410	10	65.5
4fn4_A	3	40	50	720	101.5
2go9_A	3	30	70	330	80.5
2oux_A	3	10	580	10	63
4jxj_A	3	40	50	150	78
2xwp_A	3	40	50	1400	114.5
4gbj_A	3	40	50	720	8.5
3bxz_A	3	40	50	300	27.25
3c8c_A	3	30	450	20	7
2gkp_A	3	40	1590	10	81
4f9z_A	3	40	30	10	109.5
4gri_A	3	90	800	10	10
4g59_A	3	30	500	10	78
3lhe_A	3	40	1410	10	55
3ikh_A	3	40	1190	20	13
4gnr_A	3	40	50	2300	158.5
3l1w_A	3	60	10	10	114.5
3t43_A	3	40	930	10	10
1qs0_A	3	40	50	970	3.75
3gem_A	3	40	50	720	84.5
1zzg_A	3	40	50	10490	4
1z3i_X	3	40	50	10810	9
3ke6_A	3	30	565	10	3
3ke6_A	3	60	40	10	3
2dch_X	3	10	28	10	96
3m2p_A	3	40	50	720	7
1i24_A	3	40	50	720	11.5
2oyc_A	3	40	50	1000	122.5
3hfi_A	3	40	1410	10	55.5
3out_A	3	40	50	1860	129.5
3hve_A	3	30	710	10	32.5
2wad_A	3	40	710	10	10.33
3hf7_A	3	10	580	10	7
4twb_A	3	40	50	2020	113
3ghj_A	3	10	180	10	57
3sto_A	3	30	497	10	3
1yqt_A	3	40	50	300	11.5
1tf5_A	3	40	50	300	7
3lhx_A	3	40	1190	20	11
1zy2_A	3	40	50	2300	27
2m9a_A	3	30	160	60	24.5
4a6r_A	3	90	1150	10	6.33
2cy8_A	3	90	1150	10	57
2pgc_A	3	30	70	100	84.5
2ayt_A	3	40	30	10	115
3ktz_A	3	40	420	10	35
2w2r_A	3	10	460	10	1
2e87_A	3	40	50	300	9
1r6d_A	3	40	50	720	22
3vyw_A	3	40	50	150	37
1i6a_A	3	40	190	10	99
2qik_A	3	10	490	10	134.5
4f92_B	3	40	50	300	477
3ov0_A	3	90	10	10	79.5
1yt3_A	3	30	420	10	18.33
2rk9_A	3	10	180	10	53
3obb_A	3	40	50	720	7
3om0_A	3	40	50	2300	7
2a3n_A	3	40	50	10490	163
4kdr_A	3	40	50	150	26
1ve4_A	3	40	190	10	96
2p4g_A	3	40	430	10	17
1ss4_A	3	10	180	10	69
4jdp_A	3	40	50	1000	113.5
4gz1_A	3	60	10	10	119.5
3hba_A	3	40	50	10490	11
4f06_A	3	40	50	2300	8.5
4lon_B	3	40	190	10	99
2v2k_A	3	30	70	20	30
2asb_A	3	30	300	20	74
4fhr_A	3	40	1550	10	90
4bmd_A	3	40	50	10190	94
1moq_A	3	40	50	10490	28.5
1kw3_B	3	10	180	10	13
3fhm_A	3	10	580	10	59.5
1pn2_A	3	10	129	10	10.5
2v1x_A	3	40	50	300	22.75
4ntl_A	3	40	190	10	96
1rqg_A	3	40	50	620	5.33
3mca_A	3	40	50	300	15.5
4izu_A	3	60	110	10	107.5
1nmo_A	3	40	1390	30	100.5
2wul_A	3	40	30	10	8.5
4lqb_A	3	10	180	10	60.5
2fy6_A	3	40	30	10	5.33
2ew9_A	3	30	70	100	74.5
4kbf_A	3	40	50	300	158
2b25_A	3	10	330	20	10.33
3fd3_A	3	40	190	10	91.5
2qtf_A	3	40	50	300	14
1j5x_A	3	40	50	10490	147.5
1elu_A	3	40	640	10	6.67
2l4c_A	3	40	30	10	15.5
1lm7_A	3	90	1290	10	10.5
3nhq_A	3	30	450	40	7
1s9r_A	3	75	10	10	9.5
1tib_A	3	40	50	1820	33
4gn2_A	3	40	710	10	34
3mtj_A	3	30	360	10	6
2pju_A	3	40	50	2300	90
2pju_A	3	40	50	10660	90
1ewf_A	3	15	10	10	7
2zat_A	3	40	50	720	98.5
4hye_A	3	40	50	2300	9
3vb0_A	3	10	180	10	144.5
2pkh_A	3	40	1410	10	69
4cn9_A	3	40	50	410	198.5
1kr4_A	3	30	70	120	53.5
1z02_A	3	90	380	10	7
2b0a_A	3	50	30	50	12.5
2ft1_A	3	30	2400	10	3
4e4r_A	3	40	50	10750	15.5
3k6e_A	3	10	580	10	68.5
3al2_A	3	40	50	10190	110
2csu_A	3	40	50	720	31.67
1f9z_A	3	10	180	10	64
4prk_A	3	40	50	720	10.5
4o9k_A	3	10	580	10	60.5
3lqs_A	3	30	470	10	6.67
4hxi_A	3	30	710	10	14
1u9y_A	3	40	50	2020	113.5
2gj4_A	3	40	50	2000	7.67
1lm5_A	3	90	1290	10	31
1up7_A	3	40	50	720	9.5
4pon_A	3	40	50	150	13.5
3u0b_A	3	40	50	720	10.5
3h79_A	3	40	30	10	38
2i06_A	3	30	54	10	3
2i06_A	3	50	14	10	3
3lrt_A	3	40	50	2020	133
2gr7_A	3	30	1300	30	6.4
2rop_A	3	30	70	100	71
3u3l_C	3	40	33	10	5
2bcq_A	3	30	460	10	16
3hbc_A	3	60	60	10	10.33
4m7o_A	3	40	50	1980	7
3g7n_A	3	40	50	1820	63
1u08_A	3	40	640	10	18.33
2emq_A	3	10	580	10	64.5
3i4f_A	3	40	50	720	10
1s9c_A	3	10	129	10	7
3egn_A	3	30	70	330	15
2fml_A	3	90	79	10	3
4d86_A	3	40	220	10	187
3tmg_A	3	40	190	10	99
3trq_A	3	40	30	10	99
4gc8_A	3	40	1550	10	84.5
1vgj_A	3	90	1140	10	84
3md3_A	3	30	70	330	82.5
4gvl_A	3	30	70	1450	83
4gvl_A	3	40	50	720	83
2a9g_A	3	75	10	10	10
2arp_F	3	30	60	30	47.5
4cdp_A	3	40	1570	10	166.5
1f1u_A	3	10	180	10	7.67
1d0n_A	3	40	20	10	108.75
2grg_A	3	40	1840	10	6.33
1sx5_A	3	40	600	10	12.5
1u8s_A	3	30	70	260	85.5
3kpb_A	3	10	580	10	58
2x61_A	3	90	1480	10	26.5
1ulk_A	3	30	60	10	42
3kh5_A	3	10	580	10	69
2ozz_A	3	40	190	10	99
2eq5_A	3	40	50	1860	98
1bml_C	3	10	20	180	115
4mb8_A	3	10	270	10	142.5
1i9g_A	3	40	50	150	78
1toa_A	3	40	50	1980	5.5
1lq9_A	3	30	70	100	50
1xov_A	3	40	630	40	30
3dzv_A	3	40	1190	20	11.5
1ncs_A	3	30	160	60	7
2fh1_A	3	40	20	10	107
3htm_A	3	30	710	10	30
2qsd_A	3	10	20	10	72
2qsd_A	3	50	100	10	72
4ro6_A	3	10	180	10	66
3t6s_A	3	40	47	10	12.33
2qfj_A	3	30	70	330	89.5
4jwx_A	3	40	190	10	15.5
1iib_A	3	40	50	2300	46.5
1mc0_A	3	30	450	40	7
3ksu_A	3	40	50	720	90
1vsg_A	3	90	150	10	7
3gyx_B	3	30	70	20	33
3t5s_A	3	30	429	10	42.5
3fd2_A	3	10	28	10	169
3ul5_A	3	10	450	10	3
2abq_A	3	40	1190	20	14.5
1ii5_A	3	40	190	10	99
4e98_A	3	30	70	120	51
1mqs_A	3	40	50	2060	11
4fry_A	3	10	580	10	65
3ber_A	3	40	50	300	25.71
3a2b_A	3	90	1150	10	5
3teb_A	3	60	10	10	119
1y88_A	3	40	1350	10	27.25
3g9q_A	3	40	50	1980	9.5
8abp_A	3	40	50	2300	142
3hrd_A	3	30	365	10	5
2pil_A	3	30	700	10	7
1jye_A	3	40	50	2300	27.17
4io2_A	3	40	190	10	108.5
3ip1_A	3	90	180	10	7
3lur_A	3	20	80	10	68.5
1sw5_A	3	40	190	120	7
1g8p_A	3	40	50	300	4.75
3fet_A	3	40	50	620	41
2voa_A	3	60	10	10	15
1g62_A	3	75	10	10	43.6
3blx_A	3	40	718	10	6
1pbj_A	3	10	580	10	57.5
3shw_A	3	40	50	300	20.5
4irx_A	3	40	50	2300	129.5
1b4a_A	3	30	1360	40	36
3d3y_A	3	30	830	10	10.5
3t41_A	3	40	50	200	67.5
4hzi_A	3	40	50	300	10.5
3kd3_A	3	40	50	1000	29.25
2oba_A	3	30	479	10	1
1r9d_A	3	20	70	20	10.67
1r6b_X	3	40	50	300	257.5
2qyh_A	3	30	1240	10	75.33
2qyh_A	3	40	50	1000	75.33
2iz6_A	3	40	50	450	60
4dun_A	3	10	310	10	108.5
2hj0_A	3	40	1080	10	5
2w42_A	3	30	420	10	13.5
3eye_A	3	40	35	10	6
3lmn_A	3	30	2230	10	3
1hzt_A	3	90	79	10	11.67
2p5x_A	3	90	950	10	3
2f48_A	3	40	50	450	9.5
3v4c_A	3	40	605	10	12
1vb3_A	3	90	1380	10	13
2fgc_A	3	30	70	260	80
2fgc_A	3	30	70	1150	80
3ibj_A	3	30	450	40	7
3oa4_A	3	10	180	10	66
3c0n_A	3	30	412	10	3
3vv3_A	3	40	50	200	6.67
2p4e_A	3	40	50	200	5
1yb5_A	3	40	50	720	16.67
3e9n_A	3	40	50	720	8.67
4ir8_A	3	30	540	10	44
1oao_C	3	40	1470	10	25
3jy6_A	3	40	50	2300	129.5
2dvm_A	3	40	50	10380	20.5
3fj1_A	3	40	50	10490	10
1a8l_A	3	40	30	10	113
1nnw_A	3	60	21	10	31
3rt3_B	3	10	20	90	76.5
2qu7_A	3	40	50	2300	135.5
3it4_B	3	30	2330	10	7
3sl1_A	3	40	800	10	9
1ihr_A	3	30	2420	10	1
3qx3_A	3	90	199	10	7
4l51_A	3	40	50	1360	8.5
2gbz_A	3	30	420	10	6.67
3gwb_A	3	30	830	10	3
3ucx_A	3	40	50	720	4
3mdq_A	3	30	420	150	6
4dx5_A	3	30	70	1320	452.5
4dx5_A	3	30	70	1430	452.5
4dx5_A	3	30	70	1440	452.5
4dx5_A	3	30	2090	10	452.5
1gud_A	3	40	50	2300	25.86
3f5d_A	3	40	50	880	27
3gir_A	3	30	70	1400	58
3gir_A	3	30	1360	120	58
1m54_A	3	40	50	1100	5
2ehz_A	3	10	180	10	144
4e21_A	3	40	50	720	60
3kgw_A	3	40	640	10	25.33
3ctp_A	3	40	50	2300	131.5
3e82_A	3	30	360	10	4.67
3nmr_A	3	30	70	330	87.5
1u7b_A	3	70	10	10	96.5
3q9o_A	3	90	1350	10	5.33
1ji0_A	3	40	50	300	58.67
2xvy_A	3	40	50	1400	5.2
2wn4_A	3	90	176	10	14.67
2wlr_A	3	40	250	10	135.67
2x8x_X	3	10	20	310	78.33
3fse_A	3	40	50	880	6
4fbn_A	3	30	505	10	116
2jgn_A	3	40	50	300	59.5
2cxh_A	3	40	50	10480	87
4f3l_B	3	30	450	20	105
4f3l_A	3	30	450	20	123
1w25_A	3	40	50	2300	119.5
1iug_A	3	40	640	10	7.33
1iug_A	3	90	1150	10	7.33
2ydy_A	3	40	50	720	7.67
3oue_A	3	90	10	10	79
3td9_A	3	40	50	2300	154
2czl_A	3	40	190	10	87
1xkr_A	3	40	1550	10	99
3mjf_A	3	40	50	20	8.5
3tov_A	3	40	50	2000	174
3elb_A	3	40	50	620	151
3cfi_A	3	30	1300	30	9.2
1c89_A	3	90	1210	10	67
4es6_A	3	40	50	10090	116.5
3klo_A	3	40	50	2300	4
1g61_A	3	75	10	10	44.4
2a2c_A	3	30	230	10	12.5
3kbr_A	3	40	190	10	100.5
3dmn_A	3	40	50	300	18
1svv_A	3	40	640	10	4.67
1a87_A	3	30	1120	60	7
2fa1_A	3	40	1410	10	78
1i4w_A	3	40	50	150	11
1b8x_A	3	40	30	10	37
1wr2_A	3	30	470	20	3
1wr2_A	3	30	1490	20	3
2vfk_A	3	90	1140	10	93
3ddv_A	3	40	1410	10	57
2pjd_A	3	40	50	150	167
3gv0_A	3	40	50	2300	11.5
3s81_A	3	40	50	1860	105.5
2kte_A	3	30	530	20	5.33
2o8v_A	3	40	50	620	17.67
4k47_A	3	90	740	10	37
3bbl_A	3	40	50	2300	19.25
2hh8_A	3	30	1810	10	59
2dwu_A	3	40	50	1860	99
2g1u_A	3	40	50	720	63
4nwp_E	3	30	429	10	49
2et6_A	3	40	50	720	267.5
4lg1_A	3	40	50	150	31
2abs_A	3	30	1110	10	5.5
1jc4_A	3	10	180	10	72
1s8n_A	3	40	50	2300	6.67
4bej_A	3	40	50	300	27
3oc4_A	3	50	50	60	99
2hqb_A	3	40	50	2300	141.5
1noy_A	3	30	342	10	10
1noy_A	3	30	420	10	10
3amj_B	3	30	830	10	3
2x5d_A	3	90	1150	10	3.4
3gaz_A	3	90	180	10	5.33
2hls_A	3	40	30	10	99
1iuh_A	3	90	1140	10	87
2rc3_A	3	10	580	10	57
3wcn_A	3	40	640	10	63
3we0_A	3	50	50	60	6
2wxy_C	3	30	497	10	3
4bva_A	3	30	1780	10	14.5
3tv9_A	3	30	2290	10	1
1ew4_A	3	30	920	10	10.5
3e6q_A	3	30	429	10	62
2ogg_A	3	40	1410	10	69
1jdw_A	3	75	10	10	7
3ruf_A	3	40	50	720	25.8
1u9d_A	3	30	429	10	58.5
1u9c_A	3	40	50	880	84.5
3p9z_A	3	40	50	10090	96.5
2w3x_A	3	10	129	10	19.2
1dqs_A	3	40	50	1970	25.67
1fl2_A	3	50	50	60	8
2e3u_A	3	30	1370	10	83
2jay_A	3	60	20	10	48
3ff0_A	3	10	450	50	23
1j72_A	3	40	20	10	108
4rs6_A	3	30	1120	30	99
1p0y_A	3	90	1420	10	12
4f02_A	3	30	70	330	87
2bo9_B	3	10	450	10	108.5
3vfd_A	3	40	50	300	7.5
1k0r_A	3	30	300	20	16
3jvd_A	3	40	50	2300	122.5
4m88_A	3	40	50	2300	62.33
2vje_A	3	30	40	10	30
4dq6_A	3	40	640	10	64
4dq6_A	3	90	1150	10	64
2f8j_A	3	40	640	10	26.5
3sxp_A	3	40	50	720	38
3sxp_A	3	90	25	10	38
2z08_A	3	40	50	620	55.5
3f8u_A	3	40	30	10	99
2qq5_A	3	40	50	720	30.33
3qvs_A	3	40	50	720	18
1yxm_A	3	40	50	720	15
4rwe_A	3	40	50	2300	27.8
3pm9_A	3	30	43	10	7
3k4x_A	3	70	10	10	3
3sok_A	3	30	700	10	7
3u1k_A	3	30	230	70	248.5
3u1k_A	3	30	1370	10	248.5
3sbm_A	3	30	70	250	25
1pzm_A	3	40	50	2020	21
2f1f_A	3	30	70	260	81.5
2f1f_A	3	30	70	1150	81.5
1lns_A	3	40	50	1820	3
1hbn_A	3	30	70	470	8.33
3nzn_A	3	40	30	10	34
2anr_A	3	30	1370	10	77.5
3l9w_A	3	40	50	720	60
2f9y_B	3	90	226	10	36
2h98_A	3	40	190	10	99
3cnv_A	3	40	1410	10	75
3ado_A	3	40	50	720	27.75
3dfx_A	3	30	50	10	8
1js1_X	3	40	50	1370	10
2m72_A	3	40	30	10	51
3q6b_A	3	10	20	310	75
2hiy_A	3	30	70	1260	80
2hiy_A	3	30	70	1280	80
3mxa_A	3	10	28	10	148.5
3sl7_A	3	10	580	10	69
2qs7_A	3	40	1260	10	17.4
2fge_A	3	30	830	10	10.67
2bjk_A	3	40	309	10	8.5
4kvf_A	3	40	50	2300	143.5
1yt8_A	3	40	250	10	185.75
2p25_A	3	10	180	10	55.5
3luc_A	3	40	50	2300	29.25
2a06_A	3	30	830	10	177
1hye_A	3	90	110	10	5.5
2a06_B	3	30	830	10	174
3hi7_A	3	10	450	40	7.33
2yc2_C	3	40	50	300	3.75
1jyh_A	3	20	80	10	69.5
2x7x_A	3	40	50	2300	140.5
3gyb_A	3	40	50	2300	11.5
3b59_A	3	10	180	10	134.5
3sk2_A	3	10	180	10	55
1qqr_A	3	10	20	180	3
1s3r_A	3	30	1040	20	3
2o16_A	3	10	580	10	63
2gdz_A	3	40	50	720	18
4lay_A	3	10	50	40	117
3hdq_A	3	40	50	720	9.5
3c6f_A	3	30	240	20	62
4hln_A	3	40	50	2000	11
4k3l_A	3	10	150	10	110.67
3cs3_A	3	40	50	2300	26.5
3nda_A	3	30	497	10	3
1ihu_A	3	40	50	300	241.5
2yzc_A	3	10	270	10	143.5
2eg4_A	3	40	250	10	115
2aml_A	3	40	50	10490	5.25
3opy_B	3	40	50	450	249.33
3opy_B	3	40	50	460	249.33
4ffl_A	3	40	50	720	9
2ajr_A	3	40	1190	20	9.5
1m0w_A	3	30	1490	50	16
1i1n_A	3	40	50	150	7.5
3uxj_A	3	30	1130	10	99
2jah_A	3	40	50	720	17.5
4gmu_A	3	90	228	20	9.5
3hlk_A	3	40	50	1820	3
1ixk_A	3	40	50	150	87
3qax_A	3	40	190	10	99
1weo_A	3	30	40	10	20
3bb9_A	3	10	450	50	9
1nnh_A	3	30	930	10	41
3i23_A	3	40	50	720	9.5
3d4o_A	3	40	50	720	26
3v7n_A	3	40	50	1100	11.67
2yx1_A	3	40	50	150	60
2yvo_A	3	90	79	10	3
1nki_A	3	10	180	10	60
2v9h_A	3	10	20	310	77
3sxu_B	3	40	50	10220	18
3iv4_A	3	40	30	10	14
3zi1_A	3	10	180	10	81
4ao9_A	3	40	640	10	6
1rwz_A	3	70	10	10	10
2j4m_A	3	90	1220	10	44.5
3lqn_A	3	10	580	10	61
2fe1_A	3	40	50	1010	21.75
2fco_A	3	40	1350	10	51
4c3s_A	3	40	605	10	22
1b3t_A	3	30	70	390	3
2yzq_A	3	10	580	10	57.67
1jx6_A	3	40	50	2300	4.5
2krr_A	3	30	70	330	87
4kv7_A	3	40	50	2300	63
1on3_A	3	90	226	10	6.33
2o57_A	3	40	50	150	40
3ddj_A	3	10	580	10	69
2q5c_A	3	40	50	2300	90
2q5c_A	3	40	50	10660	90
3wi7_A	3	40	50	1820	9.67
2ess_A	3	10	129	10	121.5
1umd_A	3	40	50	970	12.33
3l77_A	3	40	50	720	90
1sqg_A	3	40	50	150	7.5
3o38_A	3	40	50	720	17.5
2g64_A	3	30	479	10	1
1xr4_A	3	40	1080	10	13.5
1p9r_A	3	40	50	300	29
1myn_A	3	30	30	10	6
3lf2_A	3	40	50	720	5.75
3nt8_A	3	40	33	10	162.5
3uhf_A	3	40	50	1860	59.67
2hp0_A	3	30	1330	120	11
4hc9_A	3	30	50	10	51
4maa_A	3	40	50	2300	163
4m1a_A	3	30	429	10	53
1ei5_A	3	40	710	10	14.5
3bhn_A	3	40	50	880	6.25
1krh_A	3	40	50	80	11
2whx_A	3	40	50	300	15
1flc_B	3	90	20	10	7
1xi9_A	3	40	640	10	17.5
3dzz_A	3	90	1150	10	4.25
3uuw_A	3	30	360	10	9.8
3kvn_A	3	40	50	1110	7
3ioy_A	3	40	50	720	7.33
3ctk_A	3	40	420	10	13.5
3ih6_A	3	30	830	10	17.33
3d02_A	3	40	50	2300	99
2z0m_A	3	40	50	300	25.63
1f8f_A	3	90	180	10	7
1zbs_A	3	30	420	40	9.5
3tb6_A	3	40	50	2300	4.67
4kzk_A	3	40	50	2300	10
2kuc_A	3	40	30	10	15
3hdp_A	3	10	180	10	59
3igz_B	3	40	720	10	5
3hhe_A	3	30	70	260	38
3hhe_A	3	40	50	1360	38
1hle_A	3	30	497	10	3
1m6s_A	3	40	640	10	5
2dr1_A	3	90	1150	10	4.2
1cg2_A	3	40	630	10	14.5
3l8e_A	3	40	50	1000	17
2fz4_A	3	40	50	300	12.5
4g65_A	3	40	50	720	9.5
3wco_A	3	40	640	10	13
4h5g_A	3	40	190	10	108.5
3eo4_A	3	40	630	30	5.75
3i45_A	3	40	50	2300	23.33
2cxc_A	3	30	300	20	69
4fva_A	3	60	10	10	122.5
1vk9_A	3	40	140	30	20
1mvo_A	3	40	50	2300	49.5
3fxa_A	3	40	50	10490	9.25
2m6r_A	3	40	50	360	42.33
3mwq_A	3	10	130	10	121
2gnp_A	3	40	50	1360	65
4ls3_A	3	40	50	1980	120
3dmg_A	3	40	50	150	185.5
3lr1_A	3	40	190	10	114
4ogg_A	3	40	50	880	127.33
1k8k_D	3	30	1460	20	7
3gad_A	3	30	429	10	57
2puy_A	3	30	40	10	14
3mcq_A	3	30	1330	10	3
3gby_A	3	10	580	10	59.5
2d2e_A	3	40	50	300	18
3ksm_A	3	40	50	2300	27.4
3eik_A	3	30	310	10	88
2fep_A	3	40	50	2300	136
3del_B	3	40	190	10	19
2fn0_A	3	60	120	10	8
1vly_A	3	30	70	1400	99
1e2s_P	3	40	720	10	18.5
2z8u_A	3	30	310	10	78.5
2arr_A	3	30	497	10	3
2d1p_B	3	40	1260	10	12
2gke_A	3	10	310	10	13.5
3hq0_A	3	10	180	10	63
3f08_A	3	30	530	20	19
4ekz_A	3	40	30	10	114.5
2aef_A	3	40	50	720	63
3m3h_A	3	40	50	2020	24.2
3mog_A	3	40	50	720	161
3ps5_A	3	90	190	10	5.67
3r3s_A	3	40	50	720	7
4gx0_A	3	40	50	720	61
4tqg_A	3	40	50	720	9
2vrn_A	3	40	50	880	26
4ms8_A	3	30	500	10	78
1ozh_A	3	40	50	970	24.33
4kxv_A	3	40	50	970	244
3mb5_A	3	10	330	20	8.67
3q6o_A	3	40	30	10	4
4l6w_A	3	90	226	10	206
1pwh_A	3	40	50	1100	81
3net_A	3	30	930	10	11.33
2b98_A	3	40	50	960	10.67
3ma0_A	3	40	50	2300	153
3h7c_X	3	75	10	10	9.67
2qdf_A	3	10	20	310	79.5
4bx8_A	3	40	50	2060	32.33
3e1i_C	3	90	215	10	11.5
1ddz_A	3	40	1050	10	222
3rmu_A	3	10	180	10	66
2ci1_A	3	75	10	10	45.5
2mkx_A	3	10	350	10	8
1pq4_A	3	40	50	1980	13
3eo7_A	3	40	109	10	202.5
3exe_A	3	40	50	970	9
2bd0_A	3	40	50	720	10.5
2j7j_A	3	30	160	60	28
2fh7_A	3	90	190	10	13
3n6t_A	3	40	190	10	99
2f23_A	3	10	50	30	11
3d8u_A	3	40	50	2300	126.5
1vpb_A	3	30	2290	10	1
2idl_A	3	30	70	1490	54
1ytl_A	3	40	50	1220	69.5
1jbq_A	3	40	50	1100	11.67
3viu_A	3	30	1330	10	225.33
3viu_A	3	90	650	10	225.33
3d3k_A	3	40	50	10260	16
3c6v_A	3	30	429	10	63
2r3b_A	3	40	1190	20	7
2f3c_I	3	30	60	30	7
4oln_A	3	30	50	10	27.5
3dbi_A	3	40	50	2300	139
1r5b_A	3	40	50	300	3
3mf7_A	3	30	429	10	58
1qs2_A	3	90	176	10	181.5
3qdk_A	3	30	420	40	12.67
2ghp_A	3	30	70	330	77.33
4i3x_A	3	40	605	10	19.5
3mwb_A	3	40	190	10	99
3w5s_A	3	40	50	1970	63
3hdo_A	3	90	1150	10	8
3asu_A	3	40	50	720	85
1xb2_B	3	30	479	20	116.5
4nnj_A	3	40	50	720	253.5
2ab5_A	3	10	28	10	113.5
3q71_A	3	40	220	10	12.5
1zbd_B	3	30	40	10	16.5
3ppl_A	3	90	1150	10	3
3wsg_A	3	40	1390	30	101.5
3i3w_A	3	40	120	10	148.67
1c8u_A	3	10	129	10	3
3kvo_A	3	40	50	720	24
3ig4_A	3	90	230	10	99
1ek6_A	3	40	50	720	7
4uuu_A	3	10	580	10	68
1ua4_A	3	30	1110	20	23.67
1ua4_A	3	40	1190	20	23.67
3e0r_A	3	10	180	10	97.5
3e0r_A	3	10	180	40	97.5
3d8b_A	3	40	50	300	23.6
4dcu_A	3	40	50	300	156.5
4dz1_A	3	40	190	10	105.5
1y1p_A	3	40	50	720	10
3brq_A	3	40	50	2300	135.5
2jna_A	3	30	1660	10	3.4
3p3c_A	3	30	1700	10	11
1squ_A	3	40	1550	10	7.5
3pl5_A	3	30	1180	10	20.5
2z51_A	3	30	300	130	77
4aw6_A	3	30	2010	10	8
1al3_A	3	40	190	10	99
1tk9_A	3	40	50	10490	15.5
1ojq_A	3	90	176	10	12.5
2adr_A	3	30	160	60	26.5
1l1q_A	3	40	50	2020	81
2m8b_B	3	30	30	10	12
3va7_A	3	30	470	20	11
4bof_A	3	75	10	10	81
1kol_A	3	40	50	720	14
3ec3_A	3	40	30	10	115.5
4htr_A	3	30	413	10	175.5
4htr_A	3	90	480	10	175.5
3czp_A	3	40	50	300	5.75
2gag_C	3	30	70	1520	93
3rty_A	3	30	450	20	136.5
1gtt_A	3	90	850	10	210.5
1jmv_A	3	40	50	620	19
2qrd_E	3	10	580	10	100.67
3k4u_A	3	40	190	10	109
3ot1_A	3	40	50	880	17
1spx_A	3	40	50	720	92.5
3lk7_A	3	40	50	720	11
3g6s_A	3	60	10	10	123.5
3g85_A	3	40	50	2300	16.5
4brc_A	3	30	420	150	148
3hu5_A	3	40	50	850	26
1tbr_R	3	30	60	30	51.5
4mob_A	3	10	129	10	148.5
3r3t_A	3	30	70	60	3
2b97_A	3	20	120	10	29
1d2f_A	3	40	640	10	60
3gkr_A	3	40	630	30	148
2nyi_A	3	30	70	260	85.5
3gg9_A	3	40	50	720	8
2i7r_A	3	10	180	10	13.5
3ron_A	3	40	198	10	1
1h70_A	3	75	10	10	51
2shp_A	3	30	505	10	99
3lft_A	3	40	50	2300	140.5
1g3k_A	3	60	20	10	86
1dml_A	3	70	10	10	17.5
3q9s_A	3	40	50	2300	18
3bwg_A	3	40	1410	10	72
2kaa_A	3	10	450	30	14
3luf_A	3	40	50	2300	122
2zyj_A	3	90	1150	10	10.5
4buj_A	3	40	50	300	14
2iks_A	3	40	50	2300	135.5
1rlj_A	3	40	50	360	62
3fnb_A	3	40	50	1820	13
3huu_A	3	40	50	2300	122
3i6i_A	3	40	50	720	9.5
3dbx_A	3	30	500	10	87
1qs1_A	3	90	176	10	16.5
4kqc_A	3	40	50	2300	156.5
1t6l_A	3	70	10	10	3
3dkp_A	3	40	50	300	9.5
2yyb_A	3	40	1390	30	97.5
1ry9_A	3	30	1460	10	48
1iz0_A	3	40	50	720	5.67
3l49_A	3	40	50	2300	13
3g16_A	3	10	450	50	4
3hs3_A	3	40	50	2300	130.5
1mww_A	3	30	429	10	57
3ppm_A	3	90	1300	10	7
2zom_A	3	30	70	120	50
2pzm_A	3	40	50	720	5.67
1c41_A	3	40	50	960	4
3ifr_A	3	30	420	40	7
2bc0_A	3	50	50	60	9
1nrz_A	3	40	35	10	73
4m8i_A	3	30	1330	20	28
4m8i_A	3	40	50	1440	28
4idc_A	3	90	180	10	14
3oxh_A	3	10	180	10	115
4lvu_A	3	40	50	720	9.5
2d9h_A	3	30	160	60	32
1sng_A	3	30	497	10	3
4eg2_A	3	40	140	10	148.5
3lv9_A	3	10	580	10	64
1ctf_A	3	30	1390	10	32.5
4p3x_A	3	40	50	10800	87
2cz4_A	3	30	70	120	44
3umo_A	3	40	1190	20	7
2vk2_A	3	40	50	2300	148
1mtp_A	3	30	497	10	3
1mtp_A	3	30	497	10	3
1yac_A	3	40	50	850	29
1s99_A	3	30	70	930	87
3hn2_A	3	40	50	720	9
3en0_A	3	40	50	880	12.5
2oo3_A	3	40	50	150	26.5
3oid_A	3	40	50	720	103
2fyi_A	3	40	190	10	107
3ed3_A	3	40	30	10	11
1ykd_A	3	30	450	40	7
2z0j_A	3	90	1560	10	72
3emo_A	3	30	1300	30	4.67
1jr3_D	3	40	50	300	13.5
2hgs_A	3	30	470	20	3
2hgs_A	3	30	1490	80	3
3hcz_A	3	40	30	10	49
3nra_A	3	90	1150	10	5.33
3l24_A	3	90	230	10	16.5
3f9t_A	3	40	640	10	45.33
3efb_A	3	40	50	1360	32.25
2yvl_A	3	10	330	20	6.5
4esy_A	3	10	580	10	78
1lst_A	3	40	190	10	112.5
1fsu_A	3	30	1120	10	16.5
3ie7_A	3	40	1190	20	7
1sjw_A	3	10	450	50	4.67
2p5m_A	3	30	1360	40	34.5
4iw7_A	3	40	640	10	14
3his_A	3	40	420	10	11.5
1q15_A	3	40	50	620	4.25
1dbq_A	3	40	50	2300	138
3ss7_X	3	40	50	1100	15
1jh6_A	3	90	1140	10	84
3og5_A	3	10	20	310	80
1tua_A	3	30	1370	10	5.5
3uao_A	3	40	50	850	26.17
1a9x_A	3	30	470	20	435
1a9x_A	3	30	1490	20	435
1a9x_A	3	40	50	20	435
1a9x_A	3	40	50	1380	435
3rhe_A	3	10	180	10	57
3lfu_A	3	40	50	300	4.5
3ahp_A	3	30	70	120	39.5
3isl_A	3	40	640	10	8
4hvy_A	3	90	79	10	7.5
4tu8_A	3	30	70	330	87
2ctl_A	3	30	1370	10	12
1l3k_A	3	30	70	330	81.5
1kqf_A	3	40	50	740	8
3p96_A	3	30	70	260	87.5
4g38_A	3	30	413	10	181
4g38_A	3	90	480	10	181
4hh2_A	3	30	450	20	110
1nh8_A	3	30	70	120	39
1nh8_A	3	40	190	10	39
2p7o_A	3	10	180	10	60
3tjr_A	3	40	50	720	9.5
2q46_A	3	40	50	720	8
3l6e_A	3	40	50	720	30
3loq_A	3	40	50	620	136.5
1di0_A	3	40	50	960	25.25
3ihj_A	3	90	1150	10	4
4jbd_A	3	10	310	10	135.5
3md9_A	3	40	50	1980	28
4is2_A	3	40	50	720	99
4b8v_A	3	10	350	10	47.33
1unn_C	3	30	1490	100	49
2hc9_A	3	40	630	10	3.5
3qk7_A	3	40	50	2300	137
3tav_A	3	90	230	10	9
3e3m_A	3	40	50	2300	99
3fkd_A	3	40	640	10	26
2j58_A	3	10	560	10	13.33
4cbv_A	3	40	50	2300	9.67
3l6u_A	3	40	50	2300	29
1d5y_A	3	20	80	10	3
1sbp_A	3	40	190	10	140
1pea_A	3	40	50	2300	3.8
4lkb_A	3	30	429	10	50
4a0s_A	3	40	50	720	11
2j3x_A	3	90	176	10	66
1yf2_A	3	90	220	20	7
4g5h_A	3	40	50	720	17.6
3h5o_A	3	40	50	2300	135
4bs2_A	3	30	70	330	87
3brs_A	3	40	50	2300	135
1kjq_A	3	30	1490	20	26.8
1kjq_A	3	40	50	20	26.8
2h8l_A	3	40	30	10	15.5
2i76_A	3	40	50	720	8.67
1dc1_A	3	40	91	10	7
3l4b_C	3	40	50	720	8.25
1jb0_C	3	30	70	20	40
2hi6_A	3	50	30	10	20.25
3eoq_A	3	30	830	10	10.33
3nvs_A	3	65	10	10	78
3kzx_A	3	40	50	1000	20.5
1nba_A	3	40	50	850	4.2
2rjo_A	3	40	50	2300	61.33
2op5_A	3	30	70	100	51
2q0s_A	3	40	50	1110	94.5
1h76_A	3	40	190	10	225.33
4a1f_A	3	40	50	300	5
4hgu_A	3	30	60	30	1
3ix1_A	3	40	190	10	99
2r6s_A	3	60	130	10	3
2rk0_A	3	10	180	10	67.5
2rin_A	3	40	190	10	11.5
4nho_A	3	40	50	300	7.5
3sqd_A	3	40	50	10190	105.5
3b49_A	3	20	80	10	10.5
3u9l_A	3	40	50	720	7
3vps_A	3	40	50	720	43
3vps_A	3	90	25	10	43
2rml_A	3	30	70	100	73.5
4isc_A	3	40	50	150	72
4o89_A	3	65	10	20	113.67
4eq9_A	3	40	190	10	103.5
4dyv_A	3	40	50	720	9
1jr2_A	3	40	50	10090	119
2ejw_A	3	40	50	720	5
1p6x_A	3	40	50	300	18.5
4blu_A	3	40	50	150	15
4akg_A	3	40	50	300	20
3bs4_A	3	40	50	300	35
1jtv_A	3	40	50	720	25
3ziu_A	3	40	50	620	7
1e6u_A	3	40	50	720	23
1e6u_A	3	90	25	10	23
3lfv_A	3	30	450	40	7
4lox_A	3	10	28	10	144.5
4j8z_A	3	30	710	10	30
1wek_A	3	40	50	450	18.5
4wzz_A	3	40	50	2300	154.5
2qyt_A	3	40	50	720	13.5
1h98_A	3	30	70	20	30
1nnl_A	3	40	50	1000	14.25
3fds_D	3	70	10	10	49.67
3fds_C	3	70	10	10	12.17
3mc9_A	3	10	20	310	80.5
2h1v_A	3	40	50	1400	132
1a6z_A	3	30	500	10	136
2gt1_A	3	40	50	2000	9.67
2h0a_A	3	40	50	2300	129
2if1_A	3	30	780	10	15
1ez0_A	3	40	309	10	29.33
1ez0_A	3	40	605	10	29.33
1ejd_A	3	65	10	10	75
1ve2_A	3	40	1010	10	11
3bio_A	3	40	50	720	3.6
3m1a_A	3	40	50	720	9
3n8k_A	3	40	50	9100	10.5
2km8_C	3	30	70	330	83.5
1tgs_I	3	30	60	30	14
3ho7_A	3	40	190	10	14
3mah_A	3	30	70	260	69
1kcg_C	3	30	500	10	81
2c78_A	3	40	50	300	13.33
1rxt_A	3	40	630	30	4.29
3nyw_A	3	40	50	720	4.67
4plz_A	3	90	110	10	5.5
2r2n_A	3	40	640	10	8.57
2r2n_A	3	90	1150	10	8.57
4krg_A	3	40	50	150	233
1pg6_A	3	60	160	10	9.67
1oqw_A	3	30	700	10	7
2qmw_A	3	40	190	10	99
2o0b_A	3	65	10	10	66.33
2o3a_A	3	40	1280	10	21.2
4ab5_A	3	40	190	10	99
2g0i_A	3	30	70	1490	25.75
1wev_A	3	30	40	10	18
1o50_A	3	10	580	10	65.5
3w4s_A	3	40	1190	20	74.5
3s5c_A	3	10	450	50	1
3utn_X	3	40	250	10	152
1t5o_A	3	40	50	10470	26
3k4h_A	3	40	50	2300	20.33
4mge_A	3	40	50	2300	50
4i62_A	3	40	190	10	105
4rxt_A	3	40	50	2300	146
3i8n_A	3	10	580	10	53.5
3m84_A	3	30	1330	10	7.5
2jzx_A	3	30	1370	10	73
3zl8_A	3	90	190	20	7
1xgs_A	3	90	230	10	9.5
2dlk_A	3	30	160	60	32
1pqn_A	3	40	30	10	4.5
2pyy_A	3	40	190	10	99
4esw_A	3	40	190	10	99
2ce7_A	3	40	50	300	50
3ju8_A	3	40	309	10	6
3kb2_A	3	40	50	300	17.5
1es9_A	3	40	50	1110	14.5
3bow_A	3	90	70	10	293
3pjp_A	3	30	505	10	96
3hn0_A	3	40	190	10	93
1z94_A	3	30	530	20	4
2a40_B	3	60	10	10	5.5
1ou0_A	3	40	50	10230	13.5
1zsw_A	3	10	180	10	8
3f0h_A	3	40	640	10	7.5
1kjn_A	3	40	50	10160	75
1oyw_A	3	40	50	300	150.5
4fqd_A	3	65	10	10	67.8
3qgu_A	3	90	1150	10	4.2
2hrz_A	3	40	50	720	57
2gvh_A	3	10	129	10	124
2fvy_A	3	40	50	2300	11.5
4e3x_A	3	40	605	10	7.33
2dtj_A	3	30	70	260	82
3h8v_A	3	40	50	720	12.5
3l4e_A	3	40	50	880	25.5
2yvy_A	3	10	580	10	60
3l6g_A	3	40	190	10	111.5
1cvj_A	3	30	70	330	84.5
1pff_A	3	90	1150	10	7
3fv6_A	3	10	580	10	69
2fcj_A	3	40	1360	20	10.5
2a97_A	3	90	1240	10	8.5
3onm_A	3	40	190	10	90
3ly1_A	3	90	1150	10	6.33
3npf_A	3	90	1720	10	11.5
2x5o_A	3	40	1190	10	14
2wm3_A	3	40	50	720	13
3r4k_A	3	30	450	40	9.33
2bce_A	3	40	50	1820	12.67
3clk_A	3	40	50	2300	69
1okg_A	3	40	250	10	139.5
3ojc_A	3	40	50	1860	111.5
4cq1_A	3	30	70	330	95.5
2p9m_A	3	10	580	10	63
2vri_A	3	40	220	10	19
2d0o_A	3	50	30	70	10
2nyc_A	3	10	580	10	63
3bil_A	3	40	50	2300	11.5
2fqx_A	3	40	50	2300	103
3fw2_A	3	40	30	10	5
1ynf_A	3	75	10	20	4.6
2b5e_A	3	40	30	10	120.75
2f7b_A	3	40	190	10	99
4kqp_A	3	40	190	10	96
3fdb_A	3	40	640	10	11
2h3h_A	3	40	50	2300	153
2f3o_A	3	20	70	20	4.67
1bx4_A	3	40	1190	20	11.33
2imh_A	3	60	20	10	81
1xub_A	3	10	310	10	121
3zgj_A	3	10	180	10	142.5
2h1c_A	3	40	50	1010	16
2zsj_A	3	40	50	1100	17.5
2yxt_A	3	40	1190	20	14.5
4huz_A	3	10	180	10	91.67
3cgg_A	3	40	50	150	14
1ecs_A	3	10	180	10	60
1hyh_A	3	90	110	10	4.5
1ym5_A	3	10	310	10	137
1j8m_F	3	40	50	300	14.5
4dh4_A	3	30	429	10	57
3smz_A	3	30	70	330	90
3efc_A	3	10	20	310	81
3mpk_A	3	40	190	10	104
3dxv_A	3	40	640	10	20
3tfo_A	3	40	50	720	16
3gbv_A	3	40	50	2300	137.5
1fg7_A	3	40	640	10	15.5
4v3d_B	3	30	500	10	84
3smd_A	3	90	79	10	19
3rpx_A	3	10	280	10	3.2
3evz_A	3	40	50	150	16
3c8m_A	3	30	360	10	12.5
1vkw_A	3	40	109	10	103
1vkw_A	3	40	109	30	103
1cza_N	3	30	420	40	7.5
3i32_A	3	40	50	300	25
3fe2_A	3	40	50	300	5.5
1cby_A	3	40	198	10	3
4q6b_A	3	40	50	2300	142.5
2pef_A	3	30	497	10	3
1qo0_D	3	40	50	2300	7
3fve_A	3	10	310	10	8.75
1xs3_A	3	30	300	90	26
1rhs_A	3	40	250	10	146
1wvg_A	3	90	25	10	12
1zym_A	3	50	30	10	7.5
1zbq_A	3	40	50	720	43
2qcv_A	3	40	1190	20	8.5
1w5f_A	3	40	50	1440	14.5
1qna_A	3	30	310	10	90
3c5n_A	3	20	90	10	12.5
4kmr_A	3	40	50	2300	134.5
3i8o_A	3	40	50	1010	1
1vl4_A	3	30	2290	10	1
4fc7_A	3	40	50	720	9.5
3kc2_A	3	40	50	1000	13.5
3gec_A	3	30	450	20	128.5
3pk0_A	3	40	50	720	7.67
1yox_A	3	60	160	10	60
3ajv_A	3	40	1350	10	12
2gbl_A	3	40	50	300	234.5
1psw_A	3	40	50	2000	165.5
3rkr_A	3	40	50	720	20.67
1ckm_A	3	30	470	30	11
3cx5_A	3	30	830	10	186.5
3ksp_A	3	10	450	50	1
3l8w_A	3	10	270	10	19.33
3oaj_A	3	10	180	10	50.5
2hx1_A	3	40	50	1000	47
3n74_A	3	40	50	720	18
1dus_A	3	40	50	150	13.5
1f0i_A	3	30	870	10	191.5
1tsj_A	3	10	180	10	52
1j5k_A	3	30	1370	10	30
3cww_A	3	30	830	10	10.5
2o66_A	3	30	70	120	48.5
2fdn_A	3	30	70	20	9.6
1jrm_A	3	30	1200	10	20
3w1y_A	3	10	20	90	13.6
3cty_A	3	50	50	60	7.33
1u7l_A	3	30	70	100	7
3okg_A	3	90	220	20	7
2qen_A	3	40	50	300	12.33
3vsa_A	3	40	50	1100	95
1wcw_A	3	40	50	10090	7.67
4mu3_A	3	30	230	40	90
2de6_A	3	90	380	10	7
3axg_A	3	60	70	12	5.33
2pst_X	3	90	820	10	8
1qxy_A	3	90	230	10	119.5
1w61_A	3	10	310	10	5.25
2h3g_X	3	30	420	40	4.75
3lop_A	3	40	50	2300	8
1xer_A	3	30	70	20	7
4nog_A	3	40	640	10	14.5
2vs7_A	3	10	28	10	89
1b74_A	3	40	50	1860	99
3ifv_A	3	70	10	10	14.33
2zsk_A	3	40	50	1860	109
4grn_A	3	30	429	10	58
3h31_A	4	10	490	10	18
1g9p_A	4	10	40	10	21
3pxg_A	4	10	860	10	5
2fcw_B	4	10	400	10	39
1d0d_A	4	10	410	10	15
4bd9_B	4	10	410	10	53.67
2rhk_C	4	10	1000	10	25.5
1hyk_A	4	10	760	10	20
2ody_E	4	10	410	10	63.5
1bik_A	4	10	410	10	55
3ktz_A	4	10	470	10	35
2z7f_I	4	10	75	10	8
2d9n_A	4	10	1000	10	27.5
1b8x_A	4	10	770	10	37
4qoy_E	4	10	320	10	1
4gh4_D	4	10	90	10	1
1hwt_C	4	10	240	10	17
2psp_A	4	10	110	10	52
2iie_A	4	10	520	10	45
2b1y_A	4	10	1210	10	3
1g6x_A	4	10	410	10	6.57
1ldj_A	4	10	1030	10	89
1agg_A	4	10	40	10	12