#  Matrix made by phuongdo
# * column uses minimum score
   E  K  L  I  B  V  P  S  D  C  G  H  A  F  X  Y  O  W  M  N  
E  5  4 -2 -2 -2 -2 -2 -2 -2 -2 -2 -2 -2 -2 -2 -2 -3 -3 -3 -3 
K  4  5 -2 -2 -2 -2 -2 -2 -2 -2 -2 -2 -2 -2 -2 -2 -3 -3 -3 -3 
L -2 -2  5  4 -2 -2 -2 -2 -2 -2 -2 -2 -2 -2 -2 -2 -3 -3 -3 -3 
I -2 -2  4  5 -2 -2 -2 -2 -2 -2 -2 -2 -2 -2 -2 -2 -3 -3 -3 -3 
B -2 -2 -2 -2  5  4  4  2  2  1 -2 -2 -2 -2 -2 -2 -3 -3 -3 -3 
V -2 -2 -2 -2  4  5  2  4  1  2 -2 -2 -2 -2 -2 -2 -3 -3 -3 -3 
P -2 -2 -2 -2  4  2  5  4  2  1 -2 -2 -2 -2 -2 -2 -3 -3 -3 -3 
S -2 -2 -2 -2  2  4  4  5  1  2 -2 -2 -2 -2 -2 -2 -3 -3 -3 -3 
D -2 -2 -2 -2  2  1  2  1  5  4  4  2 -2 -2 -2 -2 -3 -3 -3 -3 
C -2 -2 -2 -2  1  2  1  2  4  5  2  4 -2 -2 -2 -2 -3 -3 -3 -3 
G -2 -2 -2 -2 -2 -2 -2 -2  4  2  5  4  4  2 -2 -2 -3 -3 -3 -3 
H -2 -2 -2 -2 -2 -2 -2 -2  2  4  4  5  2  4 -2 -2 -3 -3 -3 -3 
A -2 -2 -2 -2 -2 -2 -2 -2 -2 -2  4  2  5  4 -2 -2 -3 -3 -3 -3 
F -2 -2 -2 -2 -2 -2 -2 -2 -2 -2  2  4  4  5 -2 -2 -3 -3 -3 -3 
X -2 -2 -2 -2 -2 -2 -2 -2 -2 -2 -2 -2 -2 -2  0  0 -3 -3 -3 -3 
Y -2 -2 -2 -2 -2 -2 -2 -2 -2 -2 -2 -2 -2 -2  0  0 -3 -3 -3 -3 
O -3 -3 -3 -3 -3 -3 -3 -3 -3 -3 -3 -3 -3 -3 -3 -3  10 8 -5 8 
W -3 -3 -3 -3 -3 -3 -3 -3 -3 -3 -3 -3 -3 -3 -3 -3  8  10 -5 -5 
M -3 -3 -3 -3 -3 -3 -3 -3 -3 -3 -3 -3 -3 -3 -3 -3 -3  -5  10 -5 
N -3 -3 -3 -3 -3 -3 -3 -3 -3 -3 -3 -3 -3 -3 -3 -3  8  -5  -5  10  
