#  Matrix made by phuongdo
# * column uses minimum score

   E  K  L  I  B  V  P  S  D  C  G  H  A  F  X  Y  
E  5  4 -2 -2 -2 -2 -2 -2 -2 -2 -2 -2 -2 -2 -2 -2 
K  4  5 -2 -2 -2 -2 -2 -2 -2 -2 -2 -2 -2 -2 -2 -2 
L -2 -2  5  4 -2 -2 -2 -2 -2 -2 -2 -2 -2 -2 -2 -2 
I -2 -2  4  5 -2 -2 -2 -2 -2 -2 -2 -2 -2 -2 -2 -2 
B -2 -2 -2 -2  5  4  4  2  2  1 -2 -2 -2 -2 -2 -2 
V -2 -2 -2 -2  4  5  2  4  1  2 -2 -2 -2 -2 -2 -2 
P -2 -2 -2 -2  4  2  5  4  2  1 -2 -2 -2 -2 -2 -2 
S -2 -2 -2 -2  2  4  4  5  1  2 -2 -2 -2 -2 -2 -2 
D -2 -2 -2 -2  2  1  2  1  5  4  4  2 -2 -2 -2 -2 
C -2 -2 -2 -2  1  2  1  2  4  5  2  4 -2 -2 -2 -2 
G -2 -2 -2 -2 -2 -2 -2 -2  4  2  5  4  4  2 -2 -2 
H -2 -2 -2 -2 -2 -2 -2 -2  2  4  4  5  2  4 -2 -2 
A -2 -2 -2 -2 -2 -2 -2 -2 -2 -2  4  2  5  4 -2 -2 
F -2 -2 -2 -2 -2 -2 -2 -2 -2 -2  2  4  4  5 -2 -2 
X -2 -2 -2 -2 -2 -2 -2 -2 -2 -2 -2 -2 -2 -2 -2 -2 
Y -2 -2 -2 -2 -2 -2 -2 -2 -2 -2 -2 -2 -2 -2 -2 -2
